TYPE,ADRESSE,ARRONDISSEMENT,HORAIRE,geo_shape,geo
SANISETTE,76  RUE BRANCION,PARIS 15EME ARRONDISSEMENT,6 h - 22 h,"{""coordinates"": [[2.3027334854194716, 48.831929561343095]], ""type"": ""MultiPoint""}","48.831929561343095, 2.3027334854194716"
SANISETTE,83  RUE DESNOUETTES,PARIS 15EME ARRONDISSEMENT,6 h - 22 h,"{""coordinates"": [[2.284141147850317, 48.83462852331888]], ""type"": ""MultiPoint""}","48.83462852331888, 2.284141147850317"
SANISETTE,364  RUE LECOURBE,PARIS 15EME ARRONDISSEMENT,6 h - 22 h,"{""coordinates"": [[2.2816918169238023, 48.836240943584]], ""type"": ""MultiPoint""}","48.836240943584, 2.2816918169238023"
SANISETTE,face au 1 AVENUE EMILE ET ARMAND MASSARD,PARIS 17EME ARRONDISSEMENT,6 h - 22 h,"{""coordinates"": [[2.2975700464693, 48.88888267432094]], ""type"": ""MultiPoint""}","48.88888267432094, 2.2975700464693"
SANISETTE,6  RUE DE PANAMA,PARIS 18EME ARRONDISSEMENT,6 h - 22 h,"{""coordinates"": [[2.3527514783672197, 48.8876267763751]], ""type"": ""MultiPoint""}","48.8876267763751, 2.3527514783672197"
SANISETTE,opposé au 35 RUE BOINOD,PARIS 18EME ARRONDISSEMENT,6 h - 22 h,"{""coordinates"": [[2.3517628650661626, 48.89413005564073]], ""type"": ""MultiPoint""}","48.89413005564073, 2.3517628650661626"
SANISETTE,69  AVENUE DE FLANDRE,PARIS 19EME ARRONDISSEMENT,24 h / 24,"{""coordinates"": [[2.3739240719106323, 48.88869536274599]], ""type"": ""MultiPoint""}","48.88869536274599, 2.3739240719106323"
SANISETTE,9  AVENUE DE LA PORTE DE LA VILLETTE,PARIS 19EME ARRONDISSEMENT,24 h / 24,"{""coordinates"": [[2.3867747839866085, 48.89897483997506]], ""type"": ""MultiPoint""}","48.89897483997506, 2.3867747839866085"
SANISETTE,64  RUE DU VOLGA,PARIS 20EME ARRONDISSEMENT,6 h - 22 h,"{""coordinates"": [[2.408988707402609, 48.85271966367164]], ""type"": ""MultiPoint""}","48.85271966367164, 2.408988707402609"
SANISETTE,RUE COQUILLIERE,PARIS 1EME ARRONDISSEMENT,6 h - 1 h,"{""coordinates"": [[2.342472298693307, 48.86354740097733]], ""type"": ""MultiPoint""}","48.86354740097733, 2.342472298693307"
SANISETTE,2  RUE DES QUATRE FILS,PARIS 3EME ARRONDISSEMENT,6 h - 22 h,"{""coordinates"": [[2.3607006873977197, 48.86005986602799]], ""type"": ""MultiPoint""}","48.86005986602799, 2.3607006873977197"
SANISETTE,79  BOULEVARD DU TEMPLE,PARIS 3EME ARRONDISSEMENT,24 h / 24,"{""coordinates"": [[2.3663055271101103, 48.86355463067632]], ""type"": ""MultiPoint""}","48.86355463067632, 2.3663055271101103"
SANISETTE,115  RUE SAINT MARTIN,PARIS 4EME ARRONDISSEMENT,24 h / 24,"{""coordinates"": [[2.3511711256542727, 48.860523841578605]], ""type"": ""MultiPoint""}","48.860523841578605, 2.3511711256542727"
SANISETTE,26  RUE BUFFON,PARIS 5EME ARRONDISSEMENT,6 h - 22 h,"{""coordinates"": [[2.3562246831176674, 48.84130804975426]], ""type"": ""MultiPoint""}","48.84130804975426, 2.3562246831176674"
SANISETTE,17  RUE DU FOUR,PARIS 6EME ARRONDISSEMENT,24 h / 24,"{""coordinates"": [[2.334590272454293, 48.852721986820754]], ""type"": ""MultiPoint""}","48.852721986820754, 2.334590272454293"
SANISETTE,25  BOULEVARD DE LA VILLETTE,PARIS 10EME ARRONDISSEMENT,6 h - 22 h,"{""coordinates"": [[2.375281769902471, 48.87348074198407]], ""type"": ""MultiPoint""}","48.87348074198407, 2.375281769902471"
SANISETTE,RUE DU FAUBOURG SAINT MARTIN,PARIS 10EME ARRONDISSEMENT,24 h / 24,"{""coordinates"": [[2.3604635760802273, 48.875749513351394]], ""type"": ""MultiPoint""}","48.875749513351394, 2.3604635760802273"
SANISETTE,164  BOULEVARD VOLTAIRE,PARIS 11EME ARRONDISSEMENT,6 h - 22 h,"{""coordinates"": [[2.3835533972531318, 48.855643765234234]], ""type"": ""MultiPoint""}","48.855643765234234, 2.3835533972531318"
SANISETTE,179  AVENUE DAUMESNIL,PARIS 12EME ARRONDISSEMENT,6 h - 22 h,"{""coordinates"": [[2.3920403748751715, 48.84052542867198]], ""type"": ""MultiPoint""}","48.84052542867198, 2.3920403748751715"
SANISETTE,259 bis AVENUE DAUMESNIL,PARIS 12EME ARRONDISSEMENT,6 h - 22 h,"{""coordinates"": [[2.4043941454836406, 48.836513686222645]], ""type"": ""MultiPoint""}","48.836513686222645, 2.4043941454836406"
SANISETTE,27  AVENUE D IVRY,PARIS 13EME ARRONDISSEMENT,6 h - 22 h,"{""coordinates"": [[2.366856434532836, 48.82266348081884]], ""type"": ""MultiPoint""}","48.82266348081884, 2.366856434532836"
SANISETTE,5  BOULEVARD KELLERMANN,PARIS 13EME ARRONDISSEMENT,6 h - 22 h,"{""coordinates"": [[2.3575912185485546, 48.81897694760632]], ""type"": ""MultiPoint""}","48.81897694760632, 2.3575912185485546"
SANISETTE,RUE DES MARINIERS,PARIS 14EME ARRONDISSEMENT,6 h - 22 h,"{""coordinates"": [[2.3111981116311844, 48.827608205263566]], ""type"": ""MultiPoint""}","48.827608205263566, 2.3111981116311844"
SANISETTE,face au 18 AVENUE DU GENERAL LECLERC,PARIS 14EME ARRONDISSEMENT,6 h - 1 h,"{""coordinates"": [[2.330940750030439, 48.832342450203996]], ""type"": ""MultiPoint""}","48.832342450203996, 2.330940750030439"
SANISETTE,18  AVENUE DE LA PORTE DE VANVES,PARIS 14EME ARRONDISSEMENT,6 h - 22 h,"{""coordinates"": [[2.304138725656121, 48.825507784271004]], ""type"": ""MultiPoint""}","48.825507784271004, 2.304138725656121"
SANISETTE,70  BOULEVARD JOURDAN,PARIS 14EME ARRONDISSEMENT,6 h - 22 h,"{""coordinates"": [[2.3288565134356696, 48.82262985130541]], ""type"": ""MultiPoint""}","48.82262985130541, 2.3288565134356696"
TOILETTES,COULEE VERTE RENE DUMONT - PROMENADE DE LA RUE DU SAHEL,PARIS 12EME ARRONDISSEMENT,Voir fiche équipement,"{""coordinates"": [[2.402205289443234, 48.841005862551526]], ""type"": ""MultiPoint""}","48.841005862551526, 2.402205289443234"
TOILETTES,BOIS DE VINCENNES - PARC FLORAL DE PARIS - CHATEAU,PARIS 12EME ARRONDISSEMENT,Voir fiche équipement,"{""coordinates"": [[2.4407682089981737, 48.83992843351192]], ""type"": ""MultiPoint""}","48.83992843351192, 2.4407682089981737"
TOILETTES,SQUARE DES DEUX NETHES,PARIS 18EME ARRONDISSEMENT,Voir fiche équipement,"{""coordinates"": [[2.327515105424676, 48.885658542356424]], ""type"": ""MultiPoint""}","48.885658542356424, 2.327515105424676"
SANISETTE,face au 231 RUE RAYMOND LOSSERAND,PARIS 14EME ARRONDISSEMENT,6 h - 22 h,"{""coordinates"": [[2.3056540427590466, 48.827944503703414]], ""type"": ""MultiPoint""}","48.827944503703414, 2.3056540427590466"
SANISETTE,6  BOULEVARD PASTEUR,PARIS 15EME ARRONDISSEMENT,24 h / 24,"{""coordinates"": [[2.3110142464027987, 48.844736497080476]], ""type"": ""MultiPoint""}","48.844736497080476, 2.3110142464027987"
SANISETTE,QUAI BRANLY,PARIS 15EME ARRONDISSEMENT,24 h / 24,"{""coordinates"": [[2.2898684016959394, 48.85553274383495]], ""type"": ""MultiPoint""}","48.85553274383495, 2.2898684016959394"
SANISETTE,101  BOULEVARD DE MONTMORENCY,PARIS 16EME ARRONDISSEMENT,6 h - 22 h,"{""coordinates"": [[2.2605336150733986, 48.848331615372416]], ""type"": ""MultiPoint""}","48.848331615372416, 2.2605336150733986"
SANISETTE,9  QUAI LOUIS BLERIOT,PARIS 16EME ARRONDISSEMENT,6 h - 22 h,"{""coordinates"": [[2.2778909899783444, 48.85083039519225]], ""type"": ""MultiPoint""}","48.85083039519225, 2.2778909899783444"
SANISETTE,face au 2 AVENUE DE WAGRAM,PARIS 17EME ARRONDISSEMENT,24 h / 24,"{""coordinates"": [[2.2956974316517043, 48.87494771234442]], ""type"": ""MultiPoint""}","48.87494771234442, 2.2956974316517043"
SANISETTE,face au 10 BOULEVARD DES BATIGNOLLES,PARIS 17EME ARRONDISSEMENT,24 h / 24,"{""coordinates"": [[2.32631183007512, 48.88334503192715]], ""type"": ""MultiPoint""}","48.88334503192715, 2.32631183007512"
SANISETTE,15  AVENUE DE LA PORTE DE CLIGNANCOURT,PARIS 18EME ARRONDISSEMENT,6 h - 22 h,"{""coordinates"": [[2.3439636952467713, 48.899194260140085]], ""type"": ""MultiPoint""}","48.899194260140085, 2.3439636952467713"
SANISETTE,2  RUE RONSARD,PARIS 18EME ARRONDISSEMENT,6 h - 22 h,"{""coordinates"": [[2.344346951405759, 48.88511234133794]], ""type"": ""MultiPoint""}","48.88511234133794, 2.344346951405759"
SANISETTE,34  BOULEVARD DE BELLEVILLE,PARIS 20EME ARRONDISSEMENT,6 h - 22 h,"{""coordinates"": [[2.3818979958482376, 48.86834301160022]], ""type"": ""MultiPoint""}","48.86834301160022, 2.3818979958482376"
SANISETTE,296  RUE DES PYRENEES,PARIS 20EME ARRONDISSEMENT,6 h - 22 h,"{""coordinates"": [[2.392052330778951, 48.871931093994846]], ""type"": ""MultiPoint""}","48.871931093994846, 2.392052330778951"
SANISETTE,37  RUE DU LOUVRE,PARIS 2EME ARRONDISSEMENT,6 h - 22 h,"{""coordinates"": [[2.3438209928812777, 48.86743784108789]], ""type"": ""MultiPoint""}","48.86743784108789, 2.3438209928812777"
SANISETTE,RUE DE SEVRES,PARIS 7EME ARRONDISSEMENT,6 h - 22 h,"{""coordinates"": [[2.3230546550811466, 48.849834876751956]], ""type"": ""MultiPoint""}","48.849834876751956, 2.3230546550811466"
SANISETTE,21  RUE D AMSTERDAM,PARIS 9EME ARRONDISSEMENT,24 h / 24,"{""coordinates"": [[2.327036875810631, 48.87760564689644]], ""type"": ""MultiPoint""}","48.87760564689644, 2.327036875810631"
SANISETTE,face au 1 RUE DE METZ,PARIS 10EME ARRONDISSEMENT,24 h / 24,"{""coordinates"": [[2.3545614977622566, 48.87075131711197]], ""type"": ""MultiPoint""}","48.87075131711197, 2.3545614977622566"
SANISETTE,1  AVENUE RICHERAND,PARIS 10EME ARRONDISSEMENT,24 h / 24,"{""coordinates"": [[2.3654655903410804, 48.871838533343436]], ""type"": ""MultiPoint""}","48.871838533343436, 2.3654655903410804"
SANISETTE,2  RUE DES ECLUSES SAINT MARTIN,PARIS 10EME ARRONDISSEMENT,6 h - 1 h,"{""coordinates"": [[2.3681776037251954, 48.8762387317577]], ""type"": ""MultiPoint""}","48.8762387317577, 2.3681776037251954"
SANISETTE,116  QUAI DE JEMMAPES,PARIS 10EME ARRONDISSEMENT,24 h / 24,"{""coordinates"": [[2.363649699340399, 48.874924571385016]], ""type"": ""MultiPoint""}","48.874924571385016, 2.363649699340399"
SANISETTE,12  PLACE DE LA REPUBLIQUE,PARIS 10EME ARRONDISSEMENT,24 h / 24,"{""coordinates"": [[2.3634091405580957, 48.86839539424433]], ""type"": ""MultiPoint""}","48.86839539424433, 2.3634091405580957"
SANISETTE,51  QUAI DE VALMY,PARIS 10EME ARRONDISSEMENT,24 h / 24,"{""coordinates"": [[2.365863387720753, 48.87027367959494]], ""type"": ""MultiPoint""}","48.87027367959494, 2.365863387720753"
SANISETTE,RUE DU FAUBOURG DU TEMPLE,PARIS 11EME ARRONDISSEMENT,24 h / 24,"{""coordinates"": [[2.3653202953346644, 48.86802919672033]], ""type"": ""MultiPoint""}","48.86802919672033, 2.3653202953346644"
SANISETTE,282  BOULEVARD VOLTAIRE,PARIS 11EME ARRONDISSEMENT,6 h - 22 h,"{""coordinates"": [[2.3936632083961533, 48.84958044775065]], ""type"": ""MultiPoint""}","48.84958044775065, 2.3936632083961533"
SANISETTE,face au 1 BOULEVARD DE REUILLY,PARIS 12EME ARRONDISSEMENT,6 h - 22 h,"{""coordinates"": [[2.389572937934305, 48.83894041055918]], ""type"": ""MultiPoint""}","48.83894041055918, 2.389572937934305"
TOILETTES,SQUARE DE LA RUE DE CHATILLON,PARIS 14EME ARRONDISSEMENT,Voir fiche équipement,"{""coordinates"": [[2.322543506474705, 48.82795466191802]], ""type"": ""MultiPoint""}","48.82795466191802, 2.322543506474705"
TOILETTES,JARDIN DE REUILLY - PAUL PERNIN,PARIS 12EME ARRONDISSEMENT,Voir fiche équipement,"{""coordinates"": [[2.3882835200147157, 48.84285654035907]], ""type"": ""MultiPoint""}","48.84285654035907, 2.3882835200147157"
TOILETTES,SQUARE ALEXANDRE ET RENE PARODI,PARIS 16EME ARRONDISSEMENT,Voir fiche équipement,"{""coordinates"": [[2.281006175261719, 48.87626369017988]], ""type"": ""MultiPoint""}","48.87626369017988, 2.281006175261719"
SANISETTE,face au 57 BOULEVARD LEFEBVRE,PARIS 15EME ARRONDISSEMENT,6 h - 22 h,"{""coordinates"": [[2.291834085756668, 48.83096156719241]], ""type"": ""MultiPoint""}","48.83096156719241, 2.291834085756668"
SANISETTE,face au 200 RUE DE LA CONVENTION,PARIS 15EME ARRONDISSEMENT,24 h / 24,"{""coordinates"": [[2.2968019724199946, 48.83718929817782]], ""type"": ""MultiPoint""}","48.83718929817782, 2.2968019724199946"
SANISETTE,132  BOULEVARD BESSIERES,PARIS 17EME ARRONDISSEMENT,6 h - 22 h,"{""coordinates"": [[2.3142935517352488, 48.894846104664346]], ""type"": ""MultiPoint""}","48.894846104664346, 2.3142935517352488"
SANISETTE,face au 36 RUE LEIBNIZ,PARIS 18EME ARRONDISSEMENT,6 h - 22 h,"{""coordinates"": [[2.3346274255529242, 48.89642913978983]], ""type"": ""MultiPoint""}","48.89642913978983, 2.3346274255529242"
SANISETTE,RUE DE L'EVANGILE,PARIS 18EME ARRONDISSEMENT,6 h - 22 h,"{""coordinates"": [[2.3612146991132663, 48.891499998549264]], ""type"": ""MultiPoint""}","48.891499998549264, 2.3612146991132663"
SANISETTE,58  AVENUE DE FLANDRE,PARIS 19EME ARRONDISSEMENT,6 h - 22 h,"{""coordinates"": [[2.373749928304555, 48.88818203567653]], ""type"": ""MultiPoint""}","48.88818203567653, 2.373749928304555"
SANISETTE,220  BOULEVARD DE LA VILLETTE,PARIS 19EME ARRONDISSEMENT,6 h - 22 h,"{""coordinates"": [[2.3673810502806054, 48.88425702092837]], ""type"": ""MultiPoint""}","48.88425702092837, 2.3673810502806054"
SANISETTE,25  AVENUE DE FLANDRE,PARIS 19EME ARRONDISSEMENT,24 h / 24,"{""coordinates"": [[2.3703659880495707, 48.88577302968561]], ""type"": ""MultiPoint""}","48.88577302968561, 2.3703659880495707"
SANISETTE,100  AVENUE DE FLANDRE,PARIS 19EME ARRONDISSEMENT,6 h - 22 h,"{""coordinates"": [[2.377243000431038, 48.890960408214866]], ""type"": ""MultiPoint""}","48.890960408214866, 2.377243000431038"
SANISETTE,3  RUE SORBIER,PARIS 20EME ARRONDISSEMENT,24 h / 24,"{""coordinates"": [[2.3898886443887353, 48.86842573926061]], ""type"": ""MultiPoint""}","48.86842573926061, 2.3898886443887353"
SANISETTE,157  RUE DE MENILMONTANT,PARIS 20EME ARRONDISSEMENT,6 h - 22 h,"{""coordinates"": [[2.398201792194381, 48.87058588945121]], ""type"": ""MultiPoint""}","48.87058588945121, 2.398201792194381"
SANISETTE,QUAI DE L HOTEL DE VILLE,PARIS 4EME ARRONDISSEMENT,24 h / 24,"{""coordinates"": [[2.3560235996563175, 48.85415067181023]], ""type"": ""MultiPoint""}","48.85415067181023, 2.3560235996563175"
SANISETTE,79 bis RUE LA FAYETTE,PARIS 9EME ARRONDISSEMENT,6 h - 22 h,"{""coordinates"": [[2.346852652338534, 48.87674207808278]], ""type"": ""MultiPoint""}","48.87674207808278, 2.346852652338534"
SANISETTE,54  BOULEVARD DU TEMPLE,PARIS 11EME ARRONDISSEMENT,24 h / 24,"{""coordinates"": [[2.3650032562219216, 48.86622478521029]], ""type"": ""MultiPoint""}","48.86622478521029, 2.3650032562219216"
SANISETTE,18  AVENUE JEAN AICARD,PARIS 11EME ARRONDISSEMENT,6 h - 1 h,"{""coordinates"": [[2.380958599624834, 48.8656969837307]], ""type"": ""MultiPoint""}","48.8656969837307, 2.380958599624834"
SANISETTE,124  AVENUE DU GENERAL MICHEL BIZOT,PARIS 12EME ARRONDISSEMENT,6 h - 22 h,"{""coordinates"": [[2.4046627800360905, 48.84045632063809]], ""type"": ""MultiPoint""}","48.84045632063809, 2.4046627800360905"
SANISETTE,18  RUE ERARD,PARIS 12EME ARRONDISSEMENT,6 h - 22 h,"{""coordinates"": [[2.3849164360974857, 48.84559229825361]], ""type"": ""MultiPoint""}","48.84559229825361, 2.3849164360974857"
SANISETTE,117  BOULEVARD MASSENA,PARIS 13EME ARRONDISSEMENT,24 h / 24,"{""coordinates"": [[2.363982338246409, 48.81958369499794]], ""type"": ""MultiPoint""}","48.81958369499794, 2.363982338246409"
SANISETTE,11  AVENUE MAURICE D OCAGNE,PARIS 14EME ARRONDISSEMENT,6 h - 22 h,"{""coordinates"": [[2.311279224235711, 48.82498851904087]], ""type"": ""MultiPoint""}","48.82498851904087, 2.311279224235711"
SANISETTE,SQUARE ALESIA RIDER,PARIS 14EME ARRONDISSEMENT,6 h - 22 h,"{""coordinates"": [[2.3133813892291073, 48.83204937537727]], ""type"": ""MultiPoint""}","48.83204937537727, 2.3133813892291073"
TOILETTES,JARDIN D'EOLE - ESPLANADE,PARIS 18EME ARRONDISSEMENT,Voir fiche équipement,"{""coordinates"": [[2.365850915210522, 48.88603640726143]], ""type"": ""MultiPoint""}","48.88603640726143, 2.365850915210522"
TOILETTES,SQUARE MAURICE KRIEGEL-VALRIMONT DIT SQUARE DE CLIGNANCOURT,PARIS 18EME ARRONDISSEMENT,Voir fiche équipement,"{""coordinates"": [[2.3464251036281003, 48.89324524370296]], ""type"": ""MultiPoint""}","48.89324524370296, 2.3464251036281003"
TOILETTES,SQUARE MONSEIGNEUR MAILLET,PARIS 19EME ARRONDISSEMENT,Voir fiche équipement,"{""coordinates"": [[2.3931583796208193, 48.87669393738172]], ""type"": ""MultiPoint""}","48.87669393738172, 2.3931583796208193"
TOILETTES,SQUARE CLAUDE BERNARD,PARIS 19EME ARRONDISSEMENT,Voir fiche équipement,"{""coordinates"": [[2.3744646190808827, 48.89925173270559]], ""type"": ""MultiPoint""}","48.89925173270559, 2.3744646190808827"
SANISETTE,161  BOULEVARD BRUNE,PARIS 14EME ARRONDISSEMENT,6 h - 22 h,"{""coordinates"": [[2.3211169226991353, 48.82434142990773]], ""type"": ""MultiPoint""}","48.82434142990773, 2.3211169226991353"
SANISETTE,1 AVENUE DE PARIS,PARIS 12EME ARRONDISSEMENT,6 h - 22 h,"{""coordinates"": [[2.441147900024625, 48.844222598997455]], ""type"": ""MultiPoint""}","48.844222598997455, 2.441147900024625"
SANISETTE,135  AVENUE DE CLICHY,PARIS 17EME ARRONDISSEMENT,6 h - 22 h,"{""coordinates"": [[2.3196701030695492, 48.890807352500616]], ""type"": ""MultiPoint""}","48.890807352500616, 2.3196701030695492"
SANISETTE,3  RUE DE LA GOUTTE D OR,PARIS 18EME ARRONDISSEMENT,6 h - 22 h,"{""coordinates"": [[2.35486399614496, 48.8850281422061]], ""type"": ""MultiPoint""}","48.8850281422061, 2.35486399614496"
SANISETTE,opposé au 10 RUE DE L EVANGILE,PARIS 18EME ARRONDISSEMENT,6 h - 22 h,"{""coordinates"": [[2.3615481039703283, 48.89207950084547]], ""type"": ""MultiPoint""}","48.89207950084547, 2.3615481039703283"
SANISETTE,16  AVENUE DE SAINT OUEN,PARIS 18EME ARRONDISSEMENT,6 h - 22 h,"{""coordinates"": [[2.3259361111673895, 48.88822450694433]], ""type"": ""MultiPoint""}","48.88822450694433, 2.3259361111673895"
SANISETTE,face au 3 PLACE SAINT PIERRE,PARIS 18EME ARRONDISSEMENT,24 h / 24,"{""coordinates"": [[2.344662211897333, 48.88449210942009]], ""type"": ""MultiPoint""}","48.88449210942009, 2.344662211897333"
SANISETTE,face au 34 BOULEVARD DE CLICHY,PARIS 18EME ARRONDISSEMENT,24 h / 24,"{""coordinates"": [[2.3367738949823313, 48.882567344768105]], ""type"": ""MultiPoint""}","48.882567344768105, 2.3367738949823313"
SANISETTE,BOULEVARD D ALGERIE,PARIS 19EME ARRONDISSEMENT,6 h - 22 h,"{""coordinates"": [[2.400408793867481, 48.88068024151084]], ""type"": ""MultiPoint""}","48.88068024151084, 2.400408793867481"
SANISETTE,213  AVENUE JEAN JAURES,PARIS 19EME ARRONDISSEMENT,24 h / 24,"{""coordinates"": [[2.393095759882929, 48.88895144225748]], ""type"": ""MultiPoint""}","48.88895144225748, 2.393095759882929"
SANISETTE,213  RUE DE BELLEVILLE,PARIS 19EME ARRONDISSEMENT,6 h - 22 h,"{""coordinates"": [[2.3947766164571163, 48.87544598661788]], ""type"": ""MultiPoint""}","48.87544598661788, 2.3947766164571163"
SANISETTE,24  RUE SAINT FARGEAU,PARIS 20EME ARRONDISSEMENT,6 h - 22 h,"{""coordinates"": [[2.402140186133056, 48.87155416336665]], ""type"": ""MultiPoint""}","48.87155416336665, 2.402140186133056"
SANISETTE,face au 3 RUE DES DOCTEURS DEJERINE,PARIS 20EME ARRONDISSEMENT,6 h - 1 h,"{""coordinates"": [[2.4122473739139263, 48.854455026112085]], ""type"": ""MultiPoint""}","48.854455026112085, 2.4122473739139263"
SANISETTE,BOULEVARD DE SEBASTOPOL,PARIS 2EME ARRONDISSEMENT,6 h - 22 h,"{""coordinates"": [[2.3516112635893514, 48.86482801626369]], ""type"": ""MultiPoint""}","48.86482801626369, 2.3516112635893514"
SANISETTE,37  BOULEVARD DES CAPUCINES,PARIS 2EME ARRONDISSEMENT,6 h - 22 h,"{""coordinates"": [[2.3293453765685297, 48.87005823382521]], ""type"": ""MultiPoint""}","48.87005823382521, 2.3293453765685297"
SANISETTE,face au 171 RUE DU TEMPLE,PARIS 3EME ARRONDISSEMENT,6 h - 22 h,"{""coordinates"": [[2.3601328610084122, 48.8649756672941]], ""type"": ""MultiPoint""}","48.8649756672941, 2.3601328610084122"
SANISETTE,RUE CUVIER,PARIS 5EME ARRONDISSEMENT,6 h - 22 h,"{""coordinates"": [[2.3603946971559577, 48.844396602628855]], ""type"": ""MultiPoint""}","48.844396602628855, 2.3603946971559577"
SANISETTE,RUE VIGNON,PARIS 8EME ARRONDISSEMENT,24 h / 24,"{""coordinates"": [[2.326530446470862, 48.87252784014987]], ""type"": ""MultiPoint""}","48.87252784014987, 2.326530446470862"
SANISETTE,4  AVENUE FRANKLIN D ROOSEVELT,PARIS 8EME ARRONDISSEMENT,6 h - 22 h,"{""coordinates"": [[2.310160918160138, 48.87014131314518]], ""type"": ""MultiPoint""}","48.87014131314518, 2.310160918160138"
SANISETTE,3  RUE AMBROISE PARE,PARIS 10EME ARRONDISSEMENT,6 h - 22 h,"{""coordinates"": [[2.3532383458564863, 48.881814396150844]], ""type"": ""MultiPoint""}","48.881814396150844, 2.3532383458564863"
SANISETTE,11  PLACE DE LA BATAILLE DE STALINGRAD,PARIS 10EME ARRONDISSEMENT,6 h - 22 h,"{""coordinates"": [[2.3687424642685517, 48.88357327133693]], ""type"": ""MultiPoint""}","48.88357327133693, 2.3687424642685517"
SANISETTE,5  RUE DE MAZAGRAN,PARIS 10EME ARRONDISSEMENT,24 h / 24,"{""coordinates"": [[2.351378014817514, 48.87049160141796]], ""type"": ""MultiPoint""}","48.87049160141796, 2.351378014817514"
SANISETTE,44  AVENUE PHILIPPE AUGUSTE,PARIS 11EME ARRONDISSEMENT,6 h - 22 h,"{""coordinates"": [[2.393718336174479, 48.852136973453824]], ""type"": ""MultiPoint""}","48.852136973453824, 2.393718336174479"
SANISETTE,57  BOULEVARD DIDEROT,PARIS 12EME ARRONDISSEMENT,6 h - 22 h,"{""coordinates"": [[2.384207324505033, 48.8471348151403]], ""type"": ""MultiPoint""}","48.8471348151403, 2.384207324505033"
SANISETTE,26  BOULEVARD DE REUILLY,PARIS 12EME ARRONDISSEMENT,6 h - 22 h,"{""coordinates"": [[2.3923025873634005, 48.83916534421365]], ""type"": ""MultiPoint""}","48.83916534421365, 2.3923025873634005"
SANISETTE,283  RUE DE CHARENTON,PARIS 12EME ARRONDISSEMENT,6 h - 1 h,"{""coordinates"": [[2.3935333570010866, 48.83473828707718]], ""type"": ""MultiPoint""}","48.83473828707718, 2.3935333570010866"
SANISETTE,36  AVENUE DAUMESNIL,PARIS 12EME ARRONDISSEMENT,24 h / 24,"{""coordinates"": [[2.3710836819740244, 48.84923929268928]], ""type"": ""MultiPoint""}","48.84923929268928, 2.3710836819740244"
SANISETTE,SQUARE EMILE COHL,PARIS 12EME ARRONDISSEMENT,6 h - 22 h,"{""coordinates"": [[2.4098957524618263, 48.841999206263914]], ""type"": ""MultiPoint""}","48.841999206263914, 2.4098957524618263"
SANISETTE,face au 129 RUE DE LA GLACIERE,PARIS 13EME ARRONDISSEMENT,6 h - 22 h,"{""coordinates"": [[2.341806493177046, 48.82669070746706]], ""type"": ""MultiPoint""}","48.82669070746706, 2.341806493177046"
SANISETTE,RUE CLISSON,PARIS 13EME ARRONDISSEMENT,24 h / 24,"{""coordinates"": [[2.365301479366637, 48.8293762280325]], ""type"": ""MultiPoint""}","48.8293762280325, 2.365301479366637"
SANISETTE,151  BOULEVARD VINCENT AURIOL,PARIS 13EME ARRONDISSEMENT,6 h - 22 h,"{""coordinates"": [[2.3615805510960532, 48.83271352296701]], ""type"": ""MultiPoint""}","48.83271352296701, 2.3615805510960532"
SANISETTE,46  RUE CHARLES MOUREU,PARIS 13EME ARRONDISSEMENT,6 h - 22 h,"{""coordinates"": [[2.360778312327747, 48.82908214644303]], ""type"": ""MultiPoint""}","48.82908214644303, 2.360778312327747"
SANISETTE,,PARIS 18EME ARRONDISSEMENT,6 h - 22 h,"{""coordinates"": [[2.343927619344526, 48.900789407781595]], ""type"": ""MultiPoint""}","48.900789407781595, 2.343927619344526"
TOILETTES,PARC MONTSOURIS,PARIS 14EME ARRONDISSEMENT,Voir fiche équipement,"{""coordinates"": [[2.3398489381239456, 48.8241625789515]], ""type"": ""MultiPoint""}","48.8241625789515, 2.3398489381239456"
WC PUBLICS PERMANENTS,Parc Rives de Seine,PARIS 7EME ARRONDISSEMENT,,"{""coordinates"": [[2.3195679829481675, 48.862608094082944]], ""type"": ""MultiPoint""}","48.862608094082944, 2.3195679829481675"
LAVATORY,Avenue des Champs-Elysées,PARIS 8EME ARRONDISSEMENT,,"{""coordinates"": [[2.3170898782796265, 48.86726257414111]], ""type"": ""MultiPoint""}","48.86726257414111, 2.3170898782796265"
SANISETTE,face au 6 RUE DESNOUETTES,PARIS 15EME ARRONDISSEMENT,24 h / 24,"{""coordinates"": [[2.293417776948326, 48.83604524670519]], ""type"": ""MultiPoint""}","48.83604524670519, 2.293417776948326"
SANISETTE,AVENUE PAUL DOUMER,PARIS 16EME ARRONDISSEMENT,24 h / 24,"{""coordinates"": [[2.2863820335704217, 48.862157963392185]], ""type"": ""MultiPoint""}","48.862157963392185, 2.2863820335704217"
SANISETTE,96 ter RUE LEMERCIER,PARIS 17EME ARRONDISSEMENT,6 h - 22 h,"{""coordinates"": [[2.318866697645487, 48.88942282181049]], ""type"": ""MultiPoint""}","48.88942282181049, 2.318866697645487"
SANISETTE,face au 118 BOULEVARD DE CLICHY,PARIS 18EME ARRONDISSEMENT,24 h / 24,"{""coordinates"": [[2.33027499744139, 48.8843823956645]], ""type"": ""MultiPoint""}","48.8843823956645, 2.33027499744139"
SANISETTE,84 BOULEVARD VOLTAIRE,PARIS 11EME ARRONDISSEMENT,6 h - 22 h,"{""coordinates"": [[2.3745988298067227, 48.860576610879605]], ""type"": ""MultiPoint""}","48.860576610879605, 2.3745988298067227"
SANISETTE,92  RUE CURIAL,PARIS 19EME ARRONDISSEMENT,6 h - 22 h,"{""coordinates"": [[2.375661473541809, 48.89583453970984]], ""type"": ""MultiPoint""}","48.89583453970984, 2.375661473541809"
SANISETTE,RUE DE CRIMEE,PARIS 19EME ARRONDISSEMENT,6 h - 1 h,"{""coordinates"": [[2.3790339650916685, 48.88883561898793]], ""type"": ""MultiPoint""}","48.88883561898793, 2.3790339650916685"
SANISETTE,face au 375 RUE DES PYRENEES,PARIS 20EME ARRONDISSEMENT,6 h - 1 h,"{""coordinates"": [[2.3897517151089445, 48.873680185350956]], ""type"": ""MultiPoint""}","48.873680185350956, 2.3897517151089445"
SANISETTE,82  BOULEVARD DE SEBASTOPOL,PARIS 3EME ARRONDISSEMENT,6 h - 22 h,"{""coordinates"": [[2.352249091270841, 48.865503514024965]], ""type"": ""MultiPoint""}","48.865503514024965, 2.352249091270841"
SANISETTE,RUE ORTOLON,PARIS 5EME ARRONDISSEMENT,6 h - 22 h,"{""coordinates"": [[2.3505902463720862, 48.843194568802474]], ""type"": ""MultiPoint""}","48.843194568802474, 2.3505902463720862"
SANISETTE,186  BOULEVARD SAINT GERMAIN,PARIS 6EME ARRONDISSEMENT,24 h / 24,"{""coordinates"": [[2.330995211131674, 48.85442812721599]], ""type"": ""MultiPoint""}","48.85442812721599, 2.330995211131674"
SANISETTE,AVENUE DE L OBSERVATOIRE,PARIS 6EME ARRONDISSEMENT,6 h - 22 h,"{""coordinates"": [[2.3372284244281882, 48.842224100416594]], ""type"": ""MultiPoint""}","48.842224100416594, 2.3372284244281882"
SANISETTE,CHAMPS DE MARS avenue GENERAL FERRIE,PARIS 7EME ARRONDISSEMENT,6 h - 22 h,"{""coordinates"": [[2.2969433160913293, 48.85718239169633]], ""type"": ""MultiPoint""}","48.85718239169633, 2.2969433160913293"
SANISETTE,opposé au 168 BOULEVARD DE MAGENTA,PARIS 9EME ARRONDISSEMENT,6 h - 22 h,"{""coordinates"": [[2.3496100033786815, 48.88327009160384]], ""type"": ""MultiPoint""}","48.88327009160384, 2.3496100033786815"
SANISETTE,61  BOULEVARD DE LA VILLETTE,PARIS 10EME ARRONDISSEMENT,24 h / 24,"{""coordinates"": [[2.3721835445606883, 48.87619604525083]], ""type"": ""MultiPoint""}","48.87619604525083, 2.3721835445606883"
SANISETTE,face au 113 BOULEVARD VOLTAIRE,PARIS 11EME ARRONDISSEMENT,6 h - 22 h,"{""coordinates"": [[2.3809564924568813, 48.85718815652632]], ""type"": ""MultiPoint""}","48.85718815652632, 2.3809564924568813"
SANISETTE,58  AVENUE DE LA REPUBLIQUE,PARIS 11EME ARRONDISSEMENT,24 h / 24,"{""coordinates"": [[2.376082810937343, 48.864897215034844]], ""type"": ""MultiPoint""}","48.864897215034844, 2.376082810937343"
SANISETTE,opposé au 16 PLACE DE LA NATION,PARIS 12EME ARRONDISSEMENT,24 h / 24,"{""coordinates"": [[2.395482550580198, 48.84744480307578]], ""type"": ""MultiPoint""}","48.84744480307578, 2.395482550580198"
SANISETTE,face au 40 AVENUE REILLE,PARIS 14EME ARRONDISSEMENT,24 h / 24,"{""coordinates"": [[2.338538930462029, 48.82444207894633]], ""type"": ""MultiPoint""}","48.82444207894633, 2.338538930462029"
TOILETTES,SQUARE GUSTAVE MESUREUR,PARIS 13EME ARRONDISSEMENT,Voir fiche équipement,"{""coordinates"": [[2.362528628434362, 48.83375567644587]], ""type"": ""MultiPoint""}","48.83375567644587, 2.362528628434362"
TOILETTES,SQUARE NICOLE DE HAUTECLOCQUE,PARIS 15EME ARRONDISSEMENT,Voir fiche équipement,"{""coordinates"": [[2.2935714281377564, 48.85258138739333]], ""type"": ""MultiPoint""}","48.85258138739333, 2.2935714281377564"
TOILETTES,SQUARE DU PASSAGE LEON,PARIS 18EME ARRONDISSEMENT,Voir fiche équipement,"{""coordinates"": [[2.3533236521311065, 48.88589735591783]], ""type"": ""MultiPoint""}","48.88589735591783, 2.3533236521311065"
TOILETTES,SQUARE DE LA BUTTE DU CHAPEAU ROUGE,PARIS 19EME ARRONDISSEMENT,Voir fiche équipement,"{""coordinates"": [[2.3987808441159437, 48.88101652135978]], ""type"": ""MultiPoint""}","48.88101652135978, 2.3987808441159437"
TOILETTES,SQUARE MARIE CURIE,PARIS 13EME ARRONDISSEMENT,Voir fiche équipement,"{""coordinates"": [[2.363377124615041, 48.84118348536188]], ""type"": ""MultiPoint""}","48.84118348536188, 2.363377124615041"
SANISETTE,92102  RUE BLOMET,PARIS 15EME ARRONDISSEMENT,6 h - 22 h,"{""coordinates"": [[2.300280980817666, 48.840905986519076]], ""type"": ""MultiPoint""}","48.840905986519076, 2.300280980817666"
SANISETTE,68  RUE DE LA PROCESSION,PARIS 15EME ARRONDISSEMENT,6 h - 22 h,"{""coordinates"": [[2.3098231993138203, 48.8364136146479]], ""type"": ""MultiPoint""}","48.8364136146479, 2.3098231993138203"
SANISETTE,BOULEVARD GARIBALDI,PARIS 15EME ARRONDISSEMENT,6 h - 22 h,"{""coordinates"": [[2.3020720310912566, 48.84784179190658]], ""type"": ""MultiPoint""}","48.84784179190658, 2.3020720310912566"
SANISETTE,BOULEVARD MURAT,PARIS 16EME ARRONDISSEMENT,6 h - 22 h,"{""coordinates"": [[2.256178234666104, 48.84223492178065]], ""type"": ""MultiPoint""}","48.84223492178065, 2.256178234666104"
SANISETTE,72  AVENUE DE VILLIERS,PARIS 17EME ARRONDISSEMENT,6 h - 22 h,"{""coordinates"": [[2.304206179918654, 48.88402756400257]], ""type"": ""MultiPoint""}","48.88402756400257, 2.304206179918654"
SANISETTE,29  RUE ERNESTINE,PARIS 18EME ARRONDISSEMENT,6 h - 22 h,"{""coordinates"": [[2.3546097155031576, 48.89045444451694]], ""type"": ""MultiPoint""}","48.89045444451694, 2.3546097155031576"
SANISETTE,face au 3 BOULEVARD NEY,PARIS 18EME ARRONDISSEMENT,6 h - 22 h,"{""coordinates"": [[2.369298128147696, 48.89877331075298]], ""type"": ""MultiPoint""}","48.89877331075298, 2.369298128147696"
SANISETTE,AVENUE DE LA PORTE DE CLIGNANCOURT,PARIS 18EME ARRONDISSEMENT,6 h - 22 h,"{""coordinates"": [[2.344441605047774, 48.901133033184905]], ""type"": ""MultiPoint""}","48.901133033184905, 2.344441605047774"
SANISETTE,AVENUE DE LA PORTE BRUNET,PARIS 19EME ARRONDISSEMENT,6 h - 22 h,"{""coordinates"": [[2.397859680104252, 48.88389762041915]], ""type"": ""MultiPoint""}","48.88389762041915, 2.397859680104252"
SANISETTE,52  QUAI DE LA LOIRE,PARIS 19EME ARRONDISSEMENT,24 h / 24,"{""coordinates"": [[2.3758476534212503, 48.88580325041216]], ""type"": ""MultiPoint""}","48.88580325041216, 2.3758476534212503"
SANISETTE,72  RUE DES AMANDIERS,PARIS 20EME ARRONDISSEMENT,6 h - 22 h,"{""coordinates"": [[2.3897774505152958, 48.8662840530238]], ""type"": ""MultiPoint""}","48.8662840530238, 2.3897774505152958"
SANISETTE,RUE SAINT JACQUES,PARIS 5EME ARRONDISSEMENT,6 h - 1 h,"{""coordinates"": [[2.343987824033057, 48.84781204558066]], ""type"": ""MultiPoint""}","48.84781204558066, 2.343987824033057"
SANISETTE,face au 12 RUE DE BABYLONE,PARIS 7EME ARRONDISSEMENT,24 h / 24,"{""coordinates"": [[2.3251801379515964, 48.85162683107906]], ""type"": ""MultiPoint""}","48.85162683107906, 2.3251801379515964"
SANISETTE,17  BOULEVARD DE ROCHECHOUART,PARIS 9EME ARRONDISSEMENT,24 h / 24,"{""coordinates"": [[2.3474331686543706, 48.88342061155756]], ""type"": ""MultiPoint""}","48.88342061155756, 2.3474331686543706"
SANISETTE,125  AVENUE LEDRU ROLLIN,PARIS 11EME ARRONDISSEMENT,6 h - 1 h,"{""coordinates"": [[2.3776669195093056, 48.85413586971285]], ""type"": ""MultiPoint""}","48.85413586971285, 2.3776669195093056"
SANISETTE,face au 7 BOULEVARD DE MENILMONTANT,PARIS 11EME ARRONDISSEMENT,6 h - 22 h,"{""coordinates"": [[2.3893212202570355, 48.858817494127436]], ""type"": ""MultiPoint""}","48.858817494127436, 2.3893212202570355"
SANISETTE,2  RUE FERNAND FOUREAU,PARIS 12EME ARRONDISSEMENT,6 h - 22 h,"{""coordinates"": [[2.4112693977729287, 48.846198151492416]], ""type"": ""MultiPoint""}","48.846198151492416, 2.4112693977729287"
SANISETTE,32  BOULEVARD DIDEROT,PARIS 12EME ARRONDISSEMENT,24 h / 24,"{""coordinates"": [[2.3765477621624016, 48.8461125710548]], ""type"": ""MultiPoint""}","48.8461125710548, 2.3765477621624016"
SANISETTE,opposé au 8 AVENUE DE LA PORTE DE CHATILLON,PARIS 14EME ARRONDISSEMENT,6 h - 22 h,"{""coordinates"": [[2.3181811717384533, 48.82384501587048]], ""type"": ""MultiPoint""}","48.82384501587048, 2.3181811717384533"
SANISETTE,95  BOULEVARD DE PORT ROYAL,PARIS 14EME ARRONDISSEMENT,6 h - 22 h,"{""coordinates"": [[2.3418057664471923, 48.83827022970237]], ""type"": ""MultiPoint""}","48.83827022970237, 2.3418057664471923"
TOILETTES,BOIS DE VINCENNES - PLATEAU DE SAINT-MANDE,PARIS 12EME ARRONDISSEMENT,Voir fiche équipement,"{""coordinates"": [[2.4204189876204447, 48.84310448474707]], ""type"": ""MultiPoint""}","48.84310448474707, 2.4204189876204447"
TOILETTES,SQUARE DE L'AVENUE BOUTROUX,PARIS 13EME ARRONDISSEMENT,Voir fiche équipement,"{""coordinates"": [[2.3758995602355886, 48.82166498960514]], ""type"": ""MultiPoint""}","48.82166498960514, 2.3758995602355886"
TOILETTES,PARC MONTSOURIS,PARIS 14EME ARRONDISSEMENT,Voir fiche équipement,"{""coordinates"": [[2.336591562073573, 48.82227702153403]], ""type"": ""MultiPoint""}","48.82227702153403, 2.336591562073573"
TOILETTES,SQUARE THOMAS JEFFERSON,PARIS 16EME ARRONDISSEMENT,Voir fiche équipement,"{""coordinates"": [[2.2947040778061325, 48.867765583257565]], ""type"": ""MultiPoint""}","48.867765583257565, 2.2947040778061325"
TOILETTES,SQUARE DU SERMENT DE KOUFRA,PARIS 14EME ARRONDISSEMENT,Voir fiche équipement,"{""coordinates"": [[2.3236001578901857, 48.82225626602283]], ""type"": ""MultiPoint""}","48.82225626602283, 2.3236001578901857"
SANISETTE,face au 19 RUE LEON LHERMITTE,PARIS 15EME ARRONDISSEMENT,6 h - 22 h,"{""coordinates"": [[2.2978105404121973, 48.84286484165984]], ""type"": ""MultiPoint""}","48.84286484165984, 2.2978105404121973"
SANISETTE,BOULEVARD SUCHET,PARIS 16EME ARRONDISSEMENT,6 h - 22 h,"{""coordinates"": [[2.268228085789698, 48.8623619666065]], ""type"": ""MultiPoint""}","48.8623619666065, 2.268228085789698"
SANISETTE,37  RUE MIRABEAU,PARIS 16EME ARRONDISSEMENT,6 h - 22 h,"{""coordinates"": [[2.2690815555105996, 48.84593889811058]], ""type"": ""MultiPoint""}","48.84593889811058, 2.2690815555105996"
SANISETTE,2  PLACE DE BARCELONE,PARIS 16EME ARRONDISSEMENT,6 h - 22 h,"{""coordinates"": [[2.2736325929423113, 48.847682311485244]], ""type"": ""MultiPoint""}","48.847682311485244, 2.2736325929423113"
SANISETTE,face au 17 RUE POLONCEAU,PARIS 18EME ARRONDISSEMENT,6 h - 22 h,"{""coordinates"": [[2.353401466086365, 48.8856323532007]], ""type"": ""MultiPoint""}","48.8856323532007, 2.353401466086365"
SANISETTE,43  BOULEVARD BARBES,PARIS 18EME ARRONDISSEMENT,24 h / 24,"{""coordinates"": [[2.349430631664678, 48.888494138405285]], ""type"": ""MultiPoint""}","48.888494138405285, 2.349430631664678"
SANISETTE,face au 3 RUE MARCEL SEMBAT,PARIS 18EME ARRONDISSEMENT,24 h / 24,"{""coordinates"": [[2.3376909770543213, 48.89901685197782]], ""type"": ""MultiPoint""}","48.89901685197782, 2.3376909770543213"
SANISETTE,RUE DU PRES SAINT-GERVAIS,PARIS 19EME ARRONDISSEMENT,6 h - 22 h,"{""coordinates"": [[2.3930155080426094, 48.87618604232601]], ""type"": ""MultiPoint""}","48.87618604232601, 2.3930155080426094"
SANISETTE,118  BOULEVARD DE CHARONNE,PARIS 20EME ARRONDISSEMENT,6 h - 22 h,"{""coordinates"": [[2.395955166955244, 48.854761122611684]], ""type"": ""MultiPoint""}","48.854761122611684, 2.395955166955244"
SANISETTE,41  BOULEVARD BOURDON,PARIS 4EME ARRONDISSEMENT,24 h / 24,"{""coordinates"": [[2.3683566939635288, 48.852642689093194]], ""type"": ""MultiPoint""}","48.852642689093194, 2.3683566939635288"
SANISETTE,1  AVENUE DE VERDUN,PARIS 10EME ARRONDISSEMENT,24 h / 24,"{""coordinates"": [[2.361395771844325, 48.87630404629899]], ""type"": ""MultiPoint""}","48.87630404629899, 2.361395771844325"
SANISETTE,145  BOULEVARD DE MAGENTA,PARIS 10EME ARRONDISSEMENT,6 h - 22 h,"{""coordinates"": [[2.3505342288843845, 48.88224462938898]], ""type"": ""MultiPoint""}","48.88224462938898, 2.3505342288843845"
SANISETTE,face au 86 BOULEVARD RICHARD LENOIR,PARIS 11EME ARRONDISSEMENT,24 h / 24,"{""coordinates"": [[2.3726633537236443, 48.86174075601051]], ""type"": ""MultiPoint""}","48.86174075601051, 2.3726633537236443"
SANISETTE,face au 32 BOULEVARD EDGAR QUINET,PARIS 14EME ARRONDISSEMENT,24 h / 24,"{""coordinates"": [[2.3268312111018363, 48.84047147744345]], ""type"": ""MultiPoint""}","48.84047147744345, 2.3268312111018363"
SANISETTE,face au 14 AVENUE RENE COTY,PARIS 14EME ARRONDISSEMENT,6 h - 22 h,"{""coordinates"": [[2.333834169548362, 48.83036895346169]], ""type"": ""MultiPoint""}","48.83036895346169, 2.333834169548362"
TOILETTES,JARDIN RACHMANINOV,PARIS 18EME ARRONDISSEMENT,Voir fiche équipement,"{""coordinates"": [[2.363815455797893, 48.895558597727934]], ""type"": ""MultiPoint""}","48.895558597727934, 2.363815455797893"
TOILETTES,JARDIN SERGE GAINSBOURG,PARIS 19EME ARRONDISSEMENT,Voir fiche équipement,"{""coordinates"": [[2.408116526446009, 48.878344636450926]], ""type"": ""MultiPoint""}","48.878344636450926, 2.408116526446009"
TOILETTES,SQUARE JEAN MOULIN,PARIS 14EME ARRONDISSEMENT,Voir fiche équipement,"{""coordinates"": [[2.318778528754187, 48.82377533751297]], ""type"": ""MultiPoint""}","48.82377533751297, 2.318778528754187"
TOILETTES,SQUARE SAINT-ELOI,PARIS 12EME ARRONDISSEMENT,Voir fiche équipement,"{""coordinates"": [[2.3876622985220606, 48.844575826781394]], ""type"": ""MultiPoint""}","48.844575826781394, 2.3876622985220606"
TOILETTES,SQUARE SERGENT AURELIE SALEL,PARIS 20EME ARRONDISSEMENT,Voir fiche équipement,"{""coordinates"": [[2.3912979048873217, 48.867159405298914]], ""type"": ""MultiPoint""}","48.867159405298914, 2.3912979048873217"
TOILETTES,SQUARE LEON SERPOLLET,PARIS 18EME ARRONDISSEMENT,Voir fiche équipement,"{""coordinates"": [[2.339101315132686, 48.89225644637529]], ""type"": ""MultiPoint""}","48.89225644637529, 2.339101315132686"
SANISETTE,1  AVENUE RENE COTY,PARIS 14EME ARRONDISSEMENT,6 h - 22 h,"{""coordinates"": [[2.332917144300116, 48.833138992506505]], ""type"": ""MultiPoint""}","48.833138992506505, 2.332917144300116"
SANISETTE,185  BOULEVARD LEFEBVRE,PARIS 15EME ARRONDISSEMENT,6 h - 22 h,"{""coordinates"": [[2.3033660534960707, 48.828284114178395]], ""type"": ""MultiPoint""}","48.828284114178395, 2.3033660534960707"
SANISETTE,73  QUAI BRANLY,PARIS 15EME ARRONDISSEMENT,24 h / 24,"{""coordinates"": [[2.291104558604048, 48.8572621090066]], ""type"": ""MultiPoint""}","48.8572621090066, 2.291104558604048"
SANISETTE,face au 38 AVENUE RAPHAEL,PARIS 16EME ARRONDISSEMENT,24 h / 24,"{""coordinates"": [[2.2666990315751567, 48.85719279757155]], ""type"": ""MultiPoint""}","48.85719279757155, 2.2666990315751567"
SANISETTE,45 BOULEVARD MARGUERITE DE ROCHECHOUART,PARIS 9EME ARRONDISSEMENT,24 h / 24,"{""coordinates"": [[2.3433914004361793, 48.88273669913186]], ""type"": ""MultiPoint""}","48.88273669913186, 2.3433914004361793"
SANISETTE,opposé au 17 RUE RENE BINET,PARIS 18EME ARRONDISSEMENT,24 h / 24,"{""coordinates"": [[2.3405303893401634, 48.89928991429744]], ""type"": ""MultiPoint""}","48.89928991429744, 2.3405303893401634"
SANISETTE,135  RUE DAMREMONT,PARIS 18EME ARRONDISSEMENT,24 h / 24,"{""coordinates"": [[2.3382696834994627, 48.896548920454805]], ""type"": ""MultiPoint""}","48.896548920454805, 2.3382696834994627"
SANISETTE,131  RUE D AVRON,PARIS 20EME ARRONDISSEMENT,6 h - 22 h,"{""coordinates"": [[2.409258092200669, 48.85331628203857]], ""type"": ""MultiPoint""}","48.85331628203857, 2.409258092200669"
SANISETTE,34  RUE DURIS,PARIS 20EME ARRONDISSEMENT,6 h - 22 h,"{""coordinates"": [[2.387631832716196, 48.865967507426525]], ""type"": ""MultiPoint""}","48.865967507426525, 2.387631832716196"
SANISETTE,85  BOULEVARD DE SEBASTOPOL,PARIS 2EME ARRONDISSEMENT,6 h - 22 h,"{""coordinates"": [[2.3516112635893514, 48.86482801626369]], ""type"": ""MultiPoint""}","48.86482801626369, 2.3516112635893514"
SANISETTE,face au 2 RUE AUBRY LE BOUCHER,PARIS 4EME ARRONDISSEMENT,24 h / 24,"{""coordinates"": [[2.35039774647054, 48.86021286930933]], ""type"": ""MultiPoint""}","48.86021286930933, 2.35039774647054"
SANISETTE,36  BOULEVARD DE SEBASTOPOL,PARIS 4EME ARRONDISSEMENT,24 h / 24,"{""coordinates"": [[2.3500308570315687, 48.86153735238374]], ""type"": ""MultiPoint""}","48.86153735238374, 2.3500308570315687"
SANISETTE,123  RUE SAINT MARTIN,PARIS 4EME ARRONDISSEMENT,24 h / 24,"{""coordinates"": [[2.3513157501217057, 48.8607904279005]], ""type"": ""MultiPoint""}","48.8607904279005, 2.3513157501217057"
SANISETTE,123  RUE SAINT JACQUES,PARIS 5EME ARRONDISSEMENT,6 h - 1 h,"{""coordinates"": [[2.343987824033057, 48.84781204558066]], ""type"": ""MultiPoint""}","48.84781204558066, 2.343987824033057"
SANISETTE,COURS LA REINE,PARIS 8EME ARRONDISSEMENT,24 h / 24,"{""coordinates"": [[2.3180880346631176, 48.86514883797139]], ""type"": ""MultiPoint""}","48.86514883797139, 2.3180880346631176"
SANISETTE,opposé au 44 AVENUE GABRIEL,PARIS 8EME ARRONDISSEMENT,24 h / 24,"{""coordinates"": [[2.3127602072223272, 48.86947095623877]], ""type"": ""MultiPoint""}","48.86947095623877, 2.3127602072223272"
SANISETTE,face au 4 AVENUE DE MESSINE,PARIS 8EME ARRONDISSEMENT,24 h / 24,"{""coordinates"": [[2.315115171552712, 48.87541798841173]], ""type"": ""MultiPoint""}","48.87541798841173, 2.315115171552712"
SANISETTE,65  BOULEVARD DE CLICHY,PARIS 9EME ARRONDISSEMENT,24 h / 24,"{""coordinates"": [[2.331784835499276, 48.883981303521885]], ""type"": ""MultiPoint""}","48.883981303521885, 2.331784835499276"
SANISETTE,133  BOULEVARD DE CHARONNE,PARIS 11EME ARRONDISSEMENT,6 h - 22 h,"{""coordinates"": [[2.3924513613233898, 48.8574937065637]], ""type"": ""MultiPoint""}","48.8574937065637, 2.3924513613233898"
SANISETTE,7  RUE JOSEPH CHAILLEY,PARIS 12EME ARRONDISSEMENT,6 h - 1 h,"{""coordinates"": [[2.4040143796336726, 48.833225950058825]], ""type"": ""MultiPoint""}","48.833225950058825, 2.4040143796336726"
SANISETTE,AVENUE CLAUDE REGAUD,PARIS 13EME ARRONDISSEMENT,6 h - 22 h,"{""coordinates"": [[2.372763643662232, 48.82234473632177]], ""type"": ""MultiPoint""}","48.82234473632177, 2.372763643662232"
TOILETTES,JARDIN DES GRANDS MOULINS - ABBE PIERRE - JARDIN CENTRAL,PARIS 13EME ARRONDISSEMENT,Voir fiche équipement,"{""coordinates"": [[2.379618709145078, 48.82961672332092]], ""type"": ""MultiPoint""}","48.82961672332092, 2.379618709145078"
TOILETTES,SQUARE PIERRE-ADRIEN DALPAYRAT,PARIS 15EME ARRONDISSEMENT,Voir fiche équipement,"{""coordinates"": [[2.313031075347604, 48.83776398366367]], ""type"": ""MultiPoint""}","48.83776398366367, 2.313031075347604"
TOILETTES,PARC DES BUTTES CHAUMONT,PARIS 19EME ARRONDISSEMENT,Voir fiche équipement,"{""coordinates"": [[2.3836409649221526, 48.881824766920786]], ""type"": ""MultiPoint""}","48.881824766920786, 2.3836409649221526"
TOILETTES,SQUARE SAMUEL ROUSSEAU,PARIS 7EME ARRONDISSEMENT,Voir fiche équipement,"{""coordinates"": [[2.319582878541188, 48.859172244960064]], ""type"": ""MultiPoint""}","48.859172244960064, 2.319582878541188"
TOILETTES,PARC DE BERCY,PARIS 12EME ARRONDISSEMENT,Voir fiche équipement,"{""coordinates"": [[2.382471395340474, 48.833983191521675]], ""type"": ""MultiPoint""}","48.833983191521675, 2.382471395340474"
SANISETTE,4  PLACE DE BRETEUIL,PARIS 15EME ARRONDISSEMENT,6 h - 22 h,"{""coordinates"": [[2.310959898641057, 48.84733413997168]], ""type"": ""MultiPoint""}","48.84733413997168, 2.310959898641057"
SANISETTE,face au 55 BOULEVARD DE VAUGIRARD,PARIS 15EME ARRONDISSEMENT,6 h - 22 h,"{""coordinates"": [[2.3164276371957278, 48.84091223116361]], ""type"": ""MultiPoint""}","48.84091223116361, 2.3164276371957278"
SANISETTE,face au 22 PLACE DUPLEIX,PARIS 15EME ARRONDISSEMENT,24 h / 24,"{""coordinates"": [[2.295122580253689, 48.851045338554265]], ""type"": ""MultiPoint""}","48.851045338554265, 2.295122580253689"
SANISETTE,face au 21 AVENUE DU GENERAL SARRAIL,PARIS 16EME ARRONDISSEMENT,6 h - 22 h,"{""coordinates"": [[2.2559870408279363, 48.845813121421486]], ""type"": ""MultiPoint""}","48.845813121421486, 2.2559870408279363"
SANISETTE,64  AVENUE DE LA GRANDE ARMEE,PARIS 17EME ARRONDISSEMENT,6 h - 22 h,"{""coordinates"": [[2.2859503097570144, 48.876929890462364]], ""type"": ""MultiPoint""}","48.876929890462364, 2.2859503097570144"
SANISETTE,face au 32 AVENUE NIEL,PARIS 17EME ARRONDISSEMENT,6 h - 22 h,"{""coordinates"": [[2.2955325240081876, 48.8814959992131]], ""type"": ""MultiPoint""}","48.8814959992131, 2.2955325240081876"
SANISETTE,RUE HENRI HUCHARD,PARIS 18EME ARRONDISSEMENT,6 h - 22 h,"{""coordinates"": [[2.3341640886753203, 48.8989978534776]], ""type"": ""MultiPoint""}","48.8989978534776, 2.3341640886753203"
SANISETTE,2  AVENUE DE LA PORTE DE SAINT OUEN,PARIS 18EME ARRONDISSEMENT,24 h / 24,"{""coordinates"": [[2.329375817479605, 48.897899715053086]], ""type"": ""MultiPoint""}","48.897899715053086, 2.329375817479605"
SANISETTE,RUE BOTZARIS,PARIS 19EME ARRONDISSEMENT,24 h / 24,"{""coordinates"": [[2.3844204433560976, 48.87938389016796]], ""type"": ""MultiPoint""}","48.87938389016796, 2.3844204433560976"
SANISETTE,RUE CESARIA EVORA,PARIS 19EME ARRONDISSEMENT,6 h - 22 h,"{""coordinates"": [[2.377469825874633, 48.89769666177367]], ""type"": ""MultiPoint""}","48.89769666177367, 2.377469825874633"
SANISETTE,face au 12 RUE BELGRAND,PARIS 20EME ARRONDISSEMENT,6 h - 22 h,"{""coordinates"": [[2.4007780609552567, 48.8648794040825]], ""type"": ""MultiPoint""}","48.8648794040825, 2.4007780609552567"
SANISETTE,BOULEVARD MORTIER,PARIS 20EME ARRONDISSEMENT,24 h / 24,"{""coordinates"": [[2.406989347042398, 48.875944318964066]], ""type"": ""MultiPoint""}","48.875944318964066, 2.406989347042398"
SANISETTE,44  RUE BERGER,PARIS 1EME ARRONDISSEMENT,6 h - 1 h,"{""coordinates"": [[2.342203221829114, 48.862340302759655]], ""type"": ""MultiPoint""}","48.862340302759655, 2.342203221829114"
SANISETTE,21 bis BOULEVARD BOURDON,PARIS 4EME ARRONDISSEMENT,6 h - 22 h,"{""coordinates"": [[2.366735495873774, 48.84993070629132]], ""type"": ""MultiPoint""}","48.84993070629132, 2.366735495873774"
SANISETTE,135 bis BOULEVARD DU MONTPARNASSE,PARIS 6EME ARRONDISSEMENT,6 h - 22 h,"{""coordinates"": [[2.3323286043872464, 48.84120256945083]], ""type"": ""MultiPoint""}","48.84120256945083, 2.3323286043872464"
SANISETTE,2  AVENUE MARCEAU,PARIS 8EME ARRONDISSEMENT,24 h / 24,"{""coordinates"": [[2.3001834460794224, 48.86519333667546]], ""type"": ""MultiPoint""}","48.86519333667546, 2.3001834460794224"
SANISETTE,8  PLACE JACQUES BONSERGENT,PARIS 10EME ARRONDISSEMENT,24 h / 24,"{""coordinates"": [[2.3609842651800332, 48.87109369397819]], ""type"": ""MultiPoint""}","48.87109369397819, 2.3609842651800332"
SANISETTE,6  AVENUE COURTELINE,PARIS 12EME ARRONDISSEMENT,6 h - 22 h,"{""coordinates"": [[2.4112654731297964, 48.84409332633428]], ""type"": ""MultiPoint""}","48.84409332633428, 2.4112654731297964"
SANISETTE,87  AVENUE D ITALIE,PARIS 13EME ARRONDISSEMENT,6 h - 22 h,"{""coordinates"": [[2.358126804816588, 48.82394344207884]], ""type"": ""MultiPoint""}","48.82394344207884, 2.358126804816588"
SANISETTE,face au 30 AVENUE REILLE,PARIS 14EME ARRONDISSEMENT,24 h / 24,"{""coordinates"": [[2.3394884038725086, 48.82454102425053]], ""type"": ""MultiPoint""}","48.82454102425053, 2.3394884038725086"
SANISETTE,face au 36 RUE DIDOT,PARIS 14EME ARRONDISSEMENT,24 h / 24,"{""coordinates"": [[2.3201789580568954, 48.8316579678061]], ""type"": ""MultiPoint""}","48.8316579678061, 2.3201789580568954"
TOILETTES,JARDIN D'EOLE - TERRAIN DE BASKET,PARIS 18EME ARRONDISSEMENT,Voir fiche équipement,"{""coordinates"": [[2.3650124921346753, 48.886644543971286]], ""type"": ""MultiPoint""}","48.886644543971286, 2.3650124921346753"
TOILETTES,SQUARE HELENE BOUCHER,PARIS 13EME ARRONDISSEMENT,Voir fiche équipement,"{""coordinates"": [[2.3603105337704053, 48.81872280496346]], ""type"": ""MultiPoint""}","48.81872280496346, 2.3603105337704053"
TOILETTES,SQUARE MONTHOLON,PARIS 9EME ARRONDISSEMENT,Voir fiche équipement,"{""coordinates"": [[2.3467356473599623, 48.877220135034726]], ""type"": ""MultiPoint""}","48.877220135034726, 2.3467356473599623"
TOILETTES,COULEE VERTE RENE DUMONT - PROMENADE DU VIADUC DES ARTS,PARIS 12EME ARRONDISSEMENT,Voir fiche équipement,"{""coordinates"": [[2.381996875345674, 48.84435659522636]], ""type"": ""MultiPoint""}","48.84435659522636, 2.381996875345674"
SANISETTE,face au 170 RUE DE LOURMEL,PARIS 15EME ARRONDISSEMENT,6 h - 22 h,"{""coordinates"": [[2.2825564637843203, 48.839092109817884]], ""type"": ""MultiPoint""}","48.839092109817884, 2.2825564637843203"
SANISETTE,face au 2 AVENUE EMILE ZOLA,PARIS 15EME ARRONDISSEMENT,24 h / 24,"{""coordinates"": [[2.277628065658712, 48.84624346727108]], ""type"": ""MultiPoint""}","48.84624346727108, 2.277628065658712"
SANISETTE,,PARIS 9EME ARRONDISSEMENT,19 h - 7 h,"{""coordinates"": [[2.3386858952230414, 48.88453071312593]], ""type"": ""MultiPoint""}","48.88453071312593, 2.3386858952230414"
SANISETTE,1  RUE DE LA BONNE,PARIS 18EME ARRONDISSEMENT,6 h - 22 h,"{""coordinates"": [[2.3435451564273744, 48.88736179846096]], ""type"": ""MultiPoint""}","48.88736179846096, 2.3435451564273744"
SANISETTE,2  RUE DE JOINVILLE,PARIS 19EME ARRONDISSEMENT,6 h - 22 h,"{""coordinates"": [[2.3807026479019133, 48.889477761529356]], ""type"": ""MultiPoint""}","48.889477761529356, 2.3807026479019133"
SANISETTE,23  BOULEVARD DE SEBASTOPOL,PARIS 1EME ARRONDISSEMENT,24 h / 24,"{""coordinates"": [[2.34883723065613, 48.85985523410493]], ""type"": ""MultiPoint""}","48.85985523410493, 2.34883723065613"
SANISETTE,RUE SAINT ANTOINE,PARIS 4EME ARRONDISSEMENT,24 h / 24,"{""coordinates"": [[2.3604197018845543, 48.85530319788791]], ""type"": ""MultiPoint""}","48.85530319788791, 2.3604197018845543"
SANISETTE,face au 4 BOULEVARD RICHARD LENOIR,PARIS 11EME ARRONDISSEMENT,24 h / 24,"{""coordinates"": [[2.369700183831095, 48.85398317138819]], ""type"": ""MultiPoint""}","48.85398317138819, 2.369700183831095"
SANISETTE,2  AVENUE DE BOUVINES,PARIS 11EME ARRONDISSEMENT,24 h / 24,"{""coordinates"": [[2.3963021065433, 48.84957781951283]], ""type"": ""MultiPoint""}","48.84957781951283, 2.3963021065433"
SANISETTE,82  AVENUE DE LA REPUBLIQUE,PARIS 11EME ARRONDISSEMENT,6 h - 1 h,"{""coordinates"": [[2.379523121382903, 48.86424208661514]], ""type"": ""MultiPoint""}","48.86424208661514, 2.379523121382903"
SANISETTE,123  BOULEVARD RICHARD LENOIR,PARIS 11EME ARRONDISSEMENT,24 h / 24,"{""coordinates"": [[2.369377340131328, 48.86584156259166]], ""type"": ""MultiPoint""}","48.86584156259166, 2.369377340131328"
SANISETTE,12  BOULEVARD DE BERCY,PARIS 12EME ARRONDISSEMENT,24 h / 24,"{""coordinates"": [[2.3782186280433213, 48.83962134096178]], ""type"": ""MultiPoint""}","48.83962134096178, 2.3782186280433213"
SANISETTE,face au 98 QUAI DE LA RAPEE,PARIS 12EME ARRONDISSEMENT,24 h / 24,"{""coordinates"": [[2.3670278056575427, 48.846008593295025]], ""type"": ""MultiPoint""}","48.846008593295025, 2.3670278056575427"
SANISETTE,38  RUE DU CHEVALERET,PARIS 13EME ARRONDISSEMENT,6 h - 22 h,"{""coordinates"": [[2.37673420190615, 48.828228508299546]], ""type"": ""MultiPoint""}","48.828228508299546, 2.37673420190615"
SANISETTE,2  BOULEVARD JOURDAN,PARIS 14EME ARRONDISSEMENT,6 h - 22 h,"{""coordinates"": [[2.344335024208981, 48.818986719451814]], ""type"": ""MultiPoint""}","48.818986719451814, 2.344335024208981"
SANISETTE,21  RUE DE GERGOVIE,PARIS 14EME ARRONDISSEMENT,6 h - 22 h,"{""coordinates"": [[2.31456172136446, 48.833925435692976]], ""type"": ""MultiPoint""}","48.833925435692976, 2.31456172136446"
TOILETTES,PARC DE BELLEVILLE,PARIS 20EME ARRONDISSEMENT,Voir fiche équipement,"{""coordinates"": [[2.385561775235243, 48.87045899931411]], ""type"": ""MultiPoint""}","48.87045899931411, 2.385561775235243"
TOILETTES,JARDIN DEBERGUE-RENDEZ-VOUS,PARIS 12EME ARRONDISSEMENT,Voir fiche équipement,"{""coordinates"": [[2.4039110734655846, 48.84657172830047]], ""type"": ""MultiPoint""}","48.84657172830047, 2.4039110734655846"
SANISETTE,23  BOULEVARD NEY,PARIS 18EME ARRONDISSEMENT,6 h - 22 h,"{""coordinates"": [[2.362386603106491, 48.898412078546706]], ""type"": ""MultiPoint""}","48.898412078546706, 2.362386603106491"
SANISETTE,154  RUE D AUBERVILLIERS,PARIS 19EME ARRONDISSEMENT,6 h - 22 h,"{""coordinates"": [[2.369855639904231, 48.893384136510086]], ""type"": ""MultiPoint""}","48.893384136510086, 2.369855639904231"
SANISETTE,1  RUE BELGRAND,PARIS 20EME ARRONDISSEMENT,24 h / 24,"{""coordinates"": [[2.3998237030893126, 48.864920416418464]], ""type"": ""MultiPoint""}","48.864920416418464, 2.3998237030893126"
SANISETTE,1  BOULEVARD DES FILLES DU CALVAIRE,PARIS 3EME ARRONDISSEMENT,24 h / 24,"{""coordinates"": [[2.367032423762368, 48.861123131655724]], ""type"": ""MultiPoint""}","48.861123131655724, 2.367032423762368"
SANISETTE,10 bis RUE DE MOUSSY,PARIS 4EME ARRONDISSEMENT,24 h / 24,"{""coordinates"": [[2.3558130514928526, 48.857832508056276]], ""type"": ""MultiPoint""}","48.857832508056276, 2.3558130514928526"
SANISETTE,8  RUE D ARCOLE,PARIS 4EME ARRONDISSEMENT,6 h - 22 h,"{""coordinates"": [[2.349398891032509, 48.85401989013739]], ""type"": ""MultiPoint""}","48.85401989013739, 2.349398891032509"
SANISETTE,AVENUE CHARLES FLOQUET,PARIS 7EME ARRONDISSEMENT,24 h / 24,"{""coordinates"": [[2.2958959039047016, 48.85510438444299]], ""type"": ""MultiPoint""}","48.85510438444299, 2.2958959039047016"
SANISETTE,118  BOULEVARD DE LA VILLETTE,PARIS 10EME ARRONDISSEMENT,6 h - 22 h,"{""coordinates"": [[2.37097101088183, 48.87736769831584]], ""type"": ""MultiPoint""}","48.87736769831584, 2.37097101088183"
SANISETTE,126  BOULEVARD DE L HOPITAL,PARIS 13EME ARRONDISSEMENT,6 h - 22 h,"{""coordinates"": [[2.3578058508851427, 48.83480543828767]], ""type"": ""MultiPoint""}","48.83480543828767, 2.3578058508851427"
SANISETTE,100  BOULEVARD AUGUSTE BLANQUI,PARIS 13EME ARRONDISSEMENT,24 h / 24,"{""coordinates"": [[2.344431701329781, 48.83113397852207]], ""type"": ""MultiPoint""}","48.83113397852207, 2.344431701329781"
SANISETTE,131  AVENUE DU MAINE,PARIS 14EME ARRONDISSEMENT,6 h - 22 h,"{""coordinates"": [[2.324142757336283, 48.83487923125606]], ""type"": ""MultiPoint""}","48.83487923125606, 2.324142757336283"
TOILETTES,PARC DE PASSY,PARIS 16EME ARRONDISSEMENT,Voir fiche équipement,"{""coordinates"": [[2.2829801193776933, 48.855364641497715]], ""type"": ""MultiPoint""}","48.855364641497715, 2.2829801193776933"
SANISETTE,150  RUE DE LA CONVENTION,PARIS 15EME ARRONDISSEMENT,6 h - 22 h,"{""coordinates"": [[2.2914579802619723, 48.83941844138339]], ""type"": ""MultiPoint""}","48.83941844138339, 2.2914579802619723"
SANISETTE,65  AVENUE EMILE ZOLA,PARIS 15EME ARRONDISSEMENT,6 h - 1 h,"{""coordinates"": [[2.2847748196228532, 48.84655068506885]], ""type"": ""MultiPoint""}","48.84655068506885, 2.2847748196228532"
SANISETTE,face au 7 RUE LA QUINTINIE,PARIS 15EME ARRONDISSEMENT,24 h / 24,"{""coordinates"": [[2.306332691603657, 48.83923304249822]], ""type"": ""MultiPoint""}","48.83923304249822, 2.306332691603657"
SANISETTE,PLACE CHARLES FILLION,PARIS 17EME ARRONDISSEMENT,24 h / 24,"{""coordinates"": [[2.315811510931336, 48.88847096557177]], ""type"": ""MultiPoint""}","48.88847096557177, 2.315811510931336"
SANISETTE,opposé au 17 RUE LIEUTENANT COLONEL DAX,PARIS 18EME ARRONDISSEMENT,6 h - 22 h,"{""coordinates"": [[2.340228067255146, 48.90070583341708]], ""type"": ""MultiPoint""}","48.90070583341708, 2.340228067255146"
SANISETTE,1  RUE SAINT BRUNO,PARIS 18EME ARRONDISSEMENT,24 h / 24,"{""coordinates"": [[2.356270510591296, 48.885957541022464]], ""type"": ""MultiPoint""}","48.885957541022464, 2.356270510591296"
SANISETTE,face au 52 BOULEVARD DE ROCHECHOUART,PARIS 18EME ARRONDISSEMENT,24 h / 24,"{""coordinates"": [[2.3459061828143954, 48.883247081071914]], ""type"": ""MultiPoint""}","48.883247081071914, 2.3459061828143954"
SANISETTE,opposé au 94 RUE JEAN HENRI FABRE,PARIS 18EME ARRONDISSEMENT,6 h - 22 h,"{""coordinates"": [[2.335537439363258, 48.901061167312164]], ""type"": ""MultiPoint""}","48.901061167312164, 2.335537439363258"
SANISETTE,29  RUE MANIN,PARIS 19EME ARRONDISSEMENT,24 h / 24,"{""coordinates"": [[2.3782622313212776, 48.878619354876875]], ""type"": ""MultiPoint""}","48.878619354876875, 2.3782622313212776"
SANISETTE,12  RUE REBEVAL,PARIS 19EME ARRONDISSEMENT,6 h - 22 h,"{""coordinates"": [[2.376382294517303, 48.87407067949223]], ""type"": ""MultiPoint""}","48.87407067949223, 2.376382294517303"
SANISETTE,face au 4 PLACE MARTIN NADAUD,PARIS 20EME ARRONDISSEMENT,24 h / 24,"{""coordinates"": [[2.3947176021576215, 48.86494974131124]], ""type"": ""MultiPoint""}","48.86494974131124, 2.3947176021576215"
SANISETTE,171  RUE DES PYRENEES,PARIS 20EME ARRONDISSEMENT,6 h - 22 h,"{""coordinates"": [[2.401021510043857, 48.86001571292928]], ""type"": ""MultiPoint""}","48.86001571292928, 2.401021510043857"
SANISETTE,17  AVENUE VICTORIA,PARIS 1EME ARRONDISSEMENT,24 h / 24,"{""coordinates"": [[2.3465356726600564, 48.85797043992712]], ""type"": ""MultiPoint""}","48.85797043992712, 2.3465356726600564"
SANISETTE,2  RUE DE LA LINGERIE,PARIS 1EME ARRONDISSEMENT,24 h / 24,"{""coordinates"": [[2.34647836095256, 48.860283775887126]], ""type"": ""MultiPoint""}","48.860283775887126, 2.34647836095256"
SANISETTE,88 ter BOULEVARD DE PORT ROYAL,PARIS 5EME ARRONDISSEMENT,24 h / 24,"{""coordinates"": [[2.3387315881645625, 48.83920071261067]], ""type"": ""MultiPoint""}","48.83920071261067, 2.3387315881645625"
SANISETTE,45  BOULEVARD DE ROCHECHOUART,PARIS 9EME ARRONDISSEMENT,24 h / 24,"{""coordinates"": [[2.343497799728152, 48.882709085896295]], ""type"": ""MultiPoint""}","48.882709085896295, 2.343497799728152"
SANISETTE,11  AVENUE TRUDAINE,PARIS 9EME ARRONDISSEMENT,6 h - 22 h,"{""coordinates"": [[2.345516263472915, 48.881665392640464]], ""type"": ""MultiPoint""}","48.881665392640464, 2.345516263472915"
SANISETTE,face au 4 AVENUE CLAUDE VELLEFAUX,PARIS 10EME ARRONDISSEMENT,6 h - 1 h,"{""coordinates"": [[2.369583030462251, 48.87231507521019]], ""type"": ""MultiPoint""}","48.87231507521019, 2.369583030462251"
SANISETTE,face au 182 RUE DU FAUBOURG SAINT MARTIN,PARIS 10EME ARRONDISSEMENT,6 h - 1 h,"{""coordinates"": [[2.361645690432109, 48.878147412171856]], ""type"": ""MultiPoint""}","48.878147412171856, 2.361645690432109"
SANISETTE,face au 50 QUAI DE JEMMAPES,PARIS 10EME ARRONDISSEMENT,24 h / 24,"{""coordinates"": [[2.366597507212162, 48.87002790121455]], ""type"": ""MultiPoint""}","48.87002790121455, 2.366597507212162"
SANISETTE,face au 170 AVENUE LEDRU ROLLIN,PARIS 11EME ARRONDISSEMENT,24 h / 24,"{""coordinates"": [[2.379351478214004, 48.85704278201931]], ""type"": ""MultiPoint""}","48.85704278201931, 2.379351478214004"
SANISETTE,88  AVENUE DU MAINE,PARIS 14EME ARRONDISSEMENT,6 h - 1 h,"{""coordinates"": [[2.3223383620513176, 48.83811061304952]], ""type"": ""MultiPoint""}","48.83811061304952, 2.3223383620513176"
SANISETTE,82  BOULEVARD BRUNE,PARIS 14EME ARRONDISSEMENT,6 h - 22 h,"{""coordinates"": [[2.315807289747555, 48.82524477075134]], ""type"": ""MultiPoint""}","48.82524477075134, 2.315807289747555"
TOILETTES,JARDIN HENRI SAUVAGE,PARIS 18EME ARRONDISSEMENT,Voir fiche équipement,"{""coordinates"": [[2.3523880408452515, 48.894122158005445]], ""type"": ""MultiPoint""}","48.894122158005445, 2.3523880408452515"
TOILETTES,BOIS DE BOULOGNE - JARDIN DU PRE CATELAN,PARIS 16EME ARRONDISSEMENT,Voir fiche équipement,"{""coordinates"": [[2.252324088204249, 48.865617431628074]], ""type"": ""MultiPoint""}","48.865617431628074, 2.252324088204249"
TOILETTES,JARDIN ANNE FRANK (HOTEL SAINT-AIGNAN),PARIS 3EME ARRONDISSEMENT,Voir fiche équipement,"{""coordinates"": [[2.3545285827832645, 48.86140027291512]], ""type"": ""MultiPoint""}","48.86140027291512, 2.3545285827832645"
SANISETTE,147  RUE VERCINGETORIX,PARIS 14EME ARRONDISSEMENT,6 h - 22 h,"{""coordinates"": [[2.3114191795653407, 48.83257405441341]], ""type"": ""MultiPoint""}","48.83257405441341, 2.3114191795653407"
SANISETTE,277  RUE DE VAUGIRARD,PARIS 15EME ARRONDISSEMENT,6 h - 22 h,"{""coordinates"": [[2.3019590679802353, 48.83966605396286]], ""type"": ""MultiPoint""}","48.83966605396286, 2.3019590679802353"
SANISETTE,RUE DU THEATRE,PARIS 15EME ARRONDISSEMENT,6 h - 1 h,"{""coordinates"": [[2.2879200801939024, 48.84903527985409]], ""type"": ""MultiPoint""}","48.84903527985409, 2.2879200801939024"
SANISETTE,face au 5 PLACE DU COMMERCE,PARIS 15EME ARRONDISSEMENT,6 h - 22 h,"{""coordinates"": [[2.2921824678562155, 48.845378213876124]], ""type"": ""MultiPoint""}","48.845378213876124, 2.2921824678562155"
SANISETTE,face au 12 PLACE DES ETATS UNIS,PARIS 16EME ARRONDISSEMENT,6 h - 22 h,"{""coordinates"": [[2.2937401606996506, 48.86830253319041]], ""type"": ""MultiPoint""}","48.86830253319041, 2.2937401606996506"
SANISETTE,36  RUE DE LA CHARBONNIERE,PARIS 18EME ARRONDISSEMENT,6 h - 22 h,"{""coordinates"": [[2.352186422605581, 48.88410387025655]], ""type"": ""MultiPoint""}","48.88410387025655, 2.352186422605581"
SANISETTE,87  RUE DE LA CHAPELLE,PARIS 18EME ARRONDISSEMENT,6 h - 22 h,"{""coordinates"": [[2.3589156460506624, 48.897631611808755]], ""type"": ""MultiPoint""}","48.897631611808755, 2.3589156460506624"
SANISETTE,23  RUE LAMBERT,PARIS 18EME ARRONDISSEMENT,24 h / 24,"{""coordinates"": [[2.3451542761026034, 48.88906391479368]], ""type"": ""MultiPoint""}","48.88906391479368, 2.3451542761026034"
SANISETTE,face au 90 BOULEVARD DE LA CHAPELLE,PARIS 18EME ARRONDISSEMENT,24 h / 24,"{""coordinates"": [[2.3534292671943113, 48.88407865331642]], ""type"": ""MultiPoint""}","48.88407865331642, 2.3534292671943113"
SANISETTE,face au 107 AVENUE JEAN JAURES,PARIS 19EME ARRONDISSEMENT,6 h - 22 h,"{""coordinates"": [[2.381014907216393, 48.88552389113012]], ""type"": ""MultiPoint""}","48.88552389113012, 2.381014907216393"
SANISETTE,7  RUE DE CAMBRAI,PARIS 19EME ARRONDISSEMENT,6 h - 22 h,"{""coordinates"": [[2.3789629758483, 48.89549535195236]], ""type"": ""MultiPoint""}","48.89549535195236, 2.3789629758483"
SANISETTE,9  RUE COQUILLIERE,PARIS 1EME ARRONDISSEMENT,6 h - 1 h,"{""coordinates"": [[2.342472298693307, 48.86354740097733]], ""type"": ""MultiPoint""}","48.86354740097733, 2.342472298693307"
SANISETTE,15  BOULEVARD SAINT DENIS,PARIS 2EME ARRONDISSEMENT,24 h / 24,"{""coordinates"": [[2.353502085687271, 48.8694082989852]], ""type"": ""MultiPoint""}","48.8694082989852, 2.353502085687271"
SANISETTE,QUAI DE GESVRES,PARIS 4EME ARRONDISSEMENT,24 h / 24,"{""coordinates"": [[2.3497964639685027, 48.856486160078234]], ""type"": ""MultiPoint""}","48.856486160078234, 2.3497964639685027"
SANISETTE,4  RUE JUSSIEU,PARIS 5EME ARRONDISSEMENT,24 h / 24,"{""coordinates"": [[2.354872194164931, 48.84622521629628]], ""type"": ""MultiPoint""}","48.84622521629628, 2.354872194164931"
SANISETTE,2  PLACE JOFFRE,PARIS 7EME ARRONDISSEMENT,24 h / 24,"{""coordinates"": [[2.3050832108702153, 48.85430117614816]], ""type"": ""MultiPoint""}","48.85430117614816, 2.3050832108702153"
SANISETTE,face au 19 AVENUE DE FRIEDLAND,PARIS 8EME ARRONDISSEMENT,24 h / 24,"{""coordinates"": [[2.302361992982469, 48.87461348501761]], ""type"": ""MultiPoint""}","48.87461348501761, 2.302361992982469"
SANISETTE,51  BOULEVARD DE ROCHECHOUART,PARIS 9EME ARRONDISSEMENT,24 h / 24,"{""coordinates"": [[2.3414329090125863, 48.88231615020775]], ""type"": ""MultiPoint""}","48.88231615020775, 2.3414329090125863"
SANISETTE,opposé au 13 BOULEVARD DE MENILMONTANT,PARIS 11EME ARRONDISSEMENT,6 h - 22 h,"{""coordinates"": [[2.389122267946435, 48.85923461154836]], ""type"": ""MultiPoint""}","48.85923461154836, 2.389122267946435"
SANISETTE,4  BOULEVARD DIDEROT,PARIS 12EME ARRONDISSEMENT,6 h - 22 h,"{""coordinates"": [[2.369251752524061, 48.84528888185511]], ""type"": ""MultiPoint""}","48.84528888185511, 2.369251752524061"
SANISETTE,8  RUE DE LYON,PARIS 12EME ARRONDISSEMENT,6 h - 1 h,"{""coordinates"": [[2.3717758914940714, 48.84745150202467]], ""type"": ""MultiPoint""}","48.84745150202467, 2.3717758914940714"
SANISETTE,79  BOULEVARD KELLERMANN,PARIS 13EME ARRONDISSEMENT,6 h - 22 h,"{""coordinates"": [[2.3477269320555543, 48.819969758397775]], ""type"": ""MultiPoint""}","48.819969758397775, 2.3477269320555543"
SANISETTE,4  RUE MARTIN BERNARD,PARIS 13EME ARRONDISSEMENT,24 h / 24,"{""coordinates"": [[2.351328775975897, 48.826899102018096]], ""type"": ""MultiPoint""}","48.826899102018096, 2.351328775975897"
SANISETTE,3  RUE MAURICE NOGUES,PARIS 14EME ARRONDISSEMENT,6 h - 22 h,"{""coordinates"": [[2.3053437560750227, 48.826231659312086]], ""type"": ""MultiPoint""}","48.826231659312086, 2.3053437560750227"
SANISETTE,face au 297 BOULEVARD RASPAIL,PARIS 14EME ARRONDISSEMENT,6 h - 22 h,"{""coordinates"": [[2.3321187697714456, 48.83481048849863]], ""type"": ""MultiPoint""}","48.83481048849863, 2.3321187697714456"
TOILETTES,SQUARE BOUCICAUT,PARIS 7EME ARRONDISSEMENT,Voir fiche équipement,"{""coordinates"": [[2.3256456465969055, 48.85111943873878]], ""type"": ""MultiPoint""}","48.85111943873878, 2.3256456465969055"
TOILETTES,SQUARE JULES VERNE,PARIS 11EME ARRONDISSEMENT,Voir fiche équipement,"{""coordinates"": [[2.375293808714896, 48.8700197118485]], ""type"": ""MultiPoint""}","48.8700197118485, 2.375293808714896"
SANISETTE,1  PLACE VIOLET,PARIS 15EME ARRONDISSEMENT,6 h - 22 h,"{""coordinates"": [[2.290479546332412, 48.84479730746865]], ""type"": ""MultiPoint""}","48.84479730746865, 2.290479546332412"
SANISETTE,38  RUE CAMBRONNE,PARIS 15EME ARRONDISSEMENT,6 h - 22 h,"{""coordinates"": [[2.301897943958092, 48.84552661355716]], ""type"": ""MultiPoint""}","48.84552661355716, 2.301897943958092"
SANISETTE,6  BOULEVARD DU MONTPARNASSE,PARIS 15EME ARRONDISSEMENT,24 h / 24,"{""coordinates"": [[2.316945653588217, 48.84652137265822]], ""type"": ""MultiPoint""}","48.84652137265822, 2.316945653588217"
SANISETTE,170  AVENUE DE VERSAILLES,PARIS 16EME ARRONDISSEMENT,6 h - 22 h,"{""coordinates"": [[2.2630781408913503, 48.83985538119862]], ""type"": ""MultiPoint""}","48.83985538119862, 2.2630781408913503"
SANISETTE,2  SQUARE LAMARTINE,PARIS 16EME ARRONDISSEMENT,6 h - 22 h,"{""coordinates"": [[2.2751581698302874, 48.86517142314814]], ""type"": ""MultiPoint""}","48.86517142314814, 2.2751581698302874"
SANISETTE,face au 40 RUE RENE BOULANGER,PARIS 10EME ARRONDISSEMENT,24 h / 24,"{""coordinates"": [[2.3608778365390273, 48.86831833444501]], ""type"": ""MultiPoint""}","48.86831833444501, 2.3608778365390273"
SANISETTE,3  AVENUE DE LA PORTE D AUBERVILLIERS,PARIS 18EME ARRONDISSEMENT,6 h - 22 h,"{""coordinates"": [[2.37012649908075, 48.89919884643889]], ""type"": ""MultiPoint""}","48.89919884643889, 2.37012649908075"
SANISETTE,68  QUAI DE LA LOIRE,PARIS 19EME ARRONDISSEMENT,6 h - 22 h,"{""coordinates"": [[2.377159137352083, 48.88659728582068]], ""type"": ""MultiPoint""}","48.88659728582068, 2.377159137352083"
SANISETTE,face au 5 AVENUE DE LAUMIERE,PARIS 19EME ARRONDISSEMENT,6 h - 22 h,"{""coordinates"": [[2.3814219870920073, 48.883028782559876]], ""type"": ""MultiPoint""}","48.883028782559876, 2.3814219870920073"
SANISETTE,face au 57 QUAI DE LA SEINE,PARIS 19EME ARRONDISSEMENT,6 h - 1 h,"{""coordinates"": [[2.375836531761842, 48.88723511511238]], ""type"": ""MultiPoint""}","48.88723511511238, 2.375836531761842"
SANISETTE,101  RUE ALEXANDRE DUMAS,PARIS 20EME ARRONDISSEMENT,6 h - 22 h,"{""coordinates"": [[2.4000815207771806, 48.855403987768895]], ""type"": ""MultiPoint""}","48.855403987768895, 2.4000815207771806"
SANISETTE,9  COURS DE VINCENNES,PARIS 20EME ARRONDISSEMENT,6 h - 22 h,"{""coordinates"": [[2.400031592781962, 48.84826364818257]], ""type"": ""MultiPoint""}","48.84826364818257, 2.400031592781962"
SANISETTE,6  PLACE DE LA PORTE DE BAGNOLET,PARIS 20EME ARRONDISSEMENT,24 h / 24,"{""coordinates"": [[2.4089857792711213, 48.8641209736834]], ""type"": ""MultiPoint""}","48.8641209736834, 2.4089857792711213"
SANISETTE,73  RUE REAUMUR,PARIS 2EME ARRONDISSEMENT,6 h - 22 h,"{""coordinates"": [[2.349571365122198, 48.86679354360573]], ""type"": ""MultiPoint""}","48.86679354360573, 2.349571365122198"
SANISETTE,91  RUE D ABOUKIR,PARIS 2EME ARRONDISSEMENT,6 h - 22 h,"{""coordinates"": [[2.3484500288367345, 48.868162188748165]], ""type"": ""MultiPoint""}","48.868162188748165, 2.3484500288367345"
SANISETTE,face au 34 RUE DU GRENIER SAINT LAZARE,PARIS 3EME ARRONDISSEMENT,6 h - 22 h,"{""coordinates"": [[2.3527177147335903, 48.863093610731895]], ""type"": ""MultiPoint""}","48.863093610731895, 2.3527177147335903"
SANISETTE,face au 73 BOULEVARD SAINT MICHEL,PARIS 6EME ARRONDISSEMENT,24 h / 24,"{""coordinates"": [[2.340044296677462, 48.84612923935424]], ""type"": ""MultiPoint""}","48.84612923935424, 2.340044296677462"
SANISETTE,27  RUE DE LA ROQUETTE,PARIS 11EME ARRONDISSEMENT,24 h / 24,"{""coordinates"": [[2.372855378710628, 48.85488819201664]], ""type"": ""MultiPoint""}","48.85488819201664, 2.372855378710628"
SANISETTE,26  PLACE JEANNE D ARC,PARIS 13EME ARRONDISSEMENT,24 h / 24,"{""coordinates"": [[2.368968163478494, 48.82977995028856]], ""type"": ""MultiPoint""}","48.82977995028856, 2.368968163478494"
SANISETTE,44  BOULEVARD VINCENT AURIOL,PARIS 13EME ARRONDISSEMENT,24 h / 24,"{""coordinates"": [[2.3687826072974003, 48.83523926554273]], ""type"": ""MultiPoint""}","48.83523926554273, 2.3687826072974003"
SANISETTE,opposé au 3 RUE DE L ABBE SOULANGE BODIN,PARIS 14EME ARRONDISSEMENT,6 h - 22 h,"{""coordinates"": [[2.317797978892886, 48.83548610047364]], ""type"": ""MultiPoint""}","48.83548610047364, 2.317797978892886"
SANISETTE,23  RUE DU DEPART,PARIS 14EME ARRONDISSEMENT,24 h / 24,"{""coordinates"": [[2.3231649832199217, 48.842175711413695]], ""type"": ""MultiPoint""}","48.842175711413695, 2.3231649832199217"
SANISETTE,AVENUE DU MAINE,PARIS 14EME ARRONDISSEMENT,6 h - 22 h,"{""coordinates"": [[2.3253096554421893, 48.8322602186313]], ""type"": ""MultiPoint""}","48.8322602186313, 2.3253096554421893"
TOILETTES,PARC CLICHY-BATIGNOLLES - MARTIN LUTHER KING,PARIS 17EME ARRONDISSEMENT,Voir fiche équipement,"{""coordinates"": [[2.315372553156889, 48.8891700199823]], ""type"": ""MultiPoint""}","48.8891700199823, 2.315372553156889"
TOILETTES,SQUARE LOUIS MAJORELLE,PARIS 11EME ARRONDISSEMENT,Voir fiche équipement,"{""coordinates"": [[2.3809239992368436, 48.851992478470365]], ""type"": ""MultiPoint""}","48.851992478470365, 2.3809239992368436"
TOILETTES,SQUARE TROUSSEAU,PARIS 12EME ARRONDISSEMENT,Voir fiche équipement,"{""coordinates"": [[2.376966217600214, 48.850021923997524]], ""type"": ""MultiPoint""}","48.850021923997524, 2.376966217600214"
TOILETTES,SQUARE DE LA RUE CHARLES HERMITE,PARIS 18EME ARRONDISSEMENT,Voir fiche équipement,"{""coordinates"": [[2.366573420983327, 48.89989643206477]], ""type"": ""MultiPoint""}","48.89989643206477, 2.366573420983327"
TOILETTES,SQUARE SUZANNE BUISSON,PARIS 18EME ARRONDISSEMENT,Voir fiche équipement,"{""coordinates"": [[2.3371101598781707, 48.88837160642731]], ""type"": ""MultiPoint""}","48.88837160642731, 2.3371101598781707"
TOILETTES,SQUARE DE LA RUE RENE BINET,PARIS 18EME ARRONDISSEMENT,Voir fiche équipement,"{""coordinates"": [[2.338233272643201, 48.899535276543716]], ""type"": ""MultiPoint""}","48.899535276543716, 2.338233272643201"
SANISETTE,26  PLACE ETIENNE PERNET,PARIS 15EME ARRONDISSEMENT,24 h / 24,"{""coordinates"": [[2.292137239974725, 48.84258937721878]], ""type"": ""MultiPoint""}","48.84258937721878, 2.292137239974725"
SANISETTE,86  RUE DE LA FEDERATION,PARIS 15EME ARRONDISSEMENT,24 h / 24,"{""coordinates"": [[2.2979882855396383, 48.852846355609785]], ""type"": ""MultiPoint""}","48.852846355609785, 2.2979882855396383"
SANISETTE,2  RUE MONTCALM,PARIS 18EME ARRONDISSEMENT,6 h - 22 h,"{""coordinates"": [[2.3352214793880184, 48.89178882470804]], ""type"": ""MultiPoint""}","48.89178882470804, 2.3352214793880184"
SANISETTE,face au 51 PLACE ALBERT KAHN,PARIS 18EME ARRONDISSEMENT,6 h - 22 h,"{""coordinates"": [[2.3460006044594914, 48.89577473460747]], ""type"": ""MultiPoint""}","48.89577473460747, 2.3460006044594914"
SANISETTE,74  BOULEVARD DE CLICHY,PARIS 18EME ARRONDISSEMENT,24 h / 24,"{""coordinates"": [[2.333530253543103, 48.883534882615095]], ""type"": ""MultiPoint""}","48.883534882615095, 2.333530253543103"
SANISETTE,12  AVENUE DU PROFESSEUR ANDRE LEMIERE,PARIS 20EME ARRONDISSEMENT,6 h - 22 h,"{""coordinates"": [[2.4152339125855655, 48.8553275636696]], ""type"": ""MultiPoint""}","48.8553275636696, 2.4152339125855655"
SANISETTE,39  PLACE DES DEUX ECUS,PARIS 1EME ARRONDISSEMENT,24 h / 24,"{""coordinates"": [[2.341836175822284, 48.86315668164921]], ""type"": ""MultiPoint""}","48.86315668164921, 2.341836175822284"
SANISETTE,6  QUAI DE GESVRES,PARIS 4EME ARRONDISSEMENT,24 h / 24,"{""coordinates"": [[2.3497964639685027, 48.856486160078234]], ""type"": ""MultiPoint""}","48.856486160078234, 2.3497964639685027"
SANISETTE,face au 50 RUE DE RIVOLI,PARIS 4EME ARRONDISSEMENT,24 h / 24,"{""coordinates"": [[2.354183092290324, 48.856789424518865]], ""type"": ""MultiPoint""}","48.856789424518865, 2.354183092290324"
SANISETTE,AVENUE FRANKLIN D ROOSEVELT,PARIS 8EME ARRONDISSEMENT,6 h - 22 h,"{""coordinates"": [[2.310160918160138, 48.87014131314518]], ""type"": ""MultiPoint""}","48.87014131314518, 2.310160918160138"
SANISETTE,51  BOULEVARD DE COURCELLES,PARIS 8EME ARRONDISSEMENT,6 h - 22 h,"{""coordinates"": [[2.30402816457678, 48.87922719858734]], ""type"": ""MultiPoint""}","48.87922719858734, 2.30402816457678"
SANISETTE,face au 1 BOULEVARD DE LA VILLETTE,PARIS 10EME ARRONDISSEMENT,24 h / 24,"{""coordinates"": [[2.3766279527566168, 48.872279619431396]], ""type"": ""MultiPoint""}","48.872279619431396, 2.3766279527566168"
SANISETTE,PLACE DE LA BASTILLE,PARIS 11EME ARRONDISSEMENT,6 h - 22 h,"{""coordinates"": [[2.3700726344396275, 48.853310609808]], ""type"": ""MultiPoint""}","48.853310609808, 2.3700726344396275"
SANISETTE,face au 28 RUE DU GENERAL GUILHEM,PARIS 11EME ARRONDISSEMENT,6 h - 1 h,"{""coordinates"": [[2.379051392752782, 48.86230061990073]], ""type"": ""MultiPoint""}","48.86230061990073, 2.379051392752782"
SANISETTE,135  AVENUE PARMENTIER,PARIS 11EME ARRONDISSEMENT,24 h / 24,"{""coordinates"": [[2.3711605332637755, 48.86968423943511]], ""type"": ""MultiPoint""}","48.86968423943511, 2.3711605332637755"
SANISETTE,29  RUE ROLAND BARTHES,PARIS 12EME ARRONDISSEMENT,24 h / 24,"{""coordinates"": [[2.3774441851340984, 48.8444926838465]], ""type"": ""MultiPoint""}","48.8444926838465, 2.3774441851340984"
SANISETTE,54  BOULEVARD DE PICPUS,PARIS 12EME ARRONDISSEMENT,6 h - 22 h,"{""coordinates"": [[2.401885206209908, 48.84368377089715]], ""type"": ""MultiPoint""}","48.84368377089715, 2.401885206209908"
SANISETTE,117  BOULEVARD VINCENT AURIOL,PARIS 13EME ARRONDISSEMENT,6 h - 22 h,"{""coordinates"": [[2.3651263128545685, 48.833717304602885]], ""type"": ""MultiPoint""}","48.833717304602885, 2.3651263128545685"
SANISETTE,53  BOULEVARD SAINT MARCEL,PARIS 13EME ARRONDISSEMENT,6 h - 22 h,"{""coordinates"": [[2.3556459725821957, 48.83791159547435]], ""type"": ""MultiPoint""}","48.83791159547435, 2.3556459725821957"
TOILETTES,JARDIN D'EOLE - AIRE DE JEUX,PARIS 18EME ARRONDISSEMENT,Voir fiche équipement,"{""coordinates"": [[2.366157104749158, 48.888348035569166]], ""type"": ""MultiPoint""}","48.888348035569166, 2.366157104749158"
TOILETTES,PARC DE CHOISY,PARIS 13EME ARRONDISSEMENT,Voir fiche équipement,"{""coordinates"": [[2.3617356101503515, 48.82782963723179]], ""type"": ""MultiPoint""}","48.82782963723179, 2.3617356101503515"
TOILETTES,JARDIN DU PORT DE L'ARSENAL,PARIS 12EME ARRONDISSEMENT,Voir fiche équipement,"{""coordinates"": [[2.3676189245638684, 48.84888019555787]], ""type"": ""MultiPoint""}","48.84888019555787, 2.3676189245638684"
TOILETTES,JARDIN DU RANELAGH,PARIS 16EME ARRONDISSEMENT,Voir fiche équipement,"{""coordinates"": [[2.2683134994523138, 48.858252239843125]], ""type"": ""MultiPoint""}","48.858252239843125, 2.2683134994523138"
TOILETTES,SQUARE CARPEAUX,PARIS 18EME ARRONDISSEMENT,Voir fiche équipement,"{""coordinates"": [[2.3316192813555867, 48.891476402299865]], ""type"": ""MultiPoint""}","48.891476402299865, 2.3316192813555867"
WC PUBLICS PERMANENTS,Parc Rives de Seine,PARIS 1EME ARRONDISSEMENT,10h à 22h,"{""coordinates"": [[2.344286199307626, 48.857853765241515]], ""type"": ""MultiPoint""}","48.857853765241515, 2.344286199307626"
SANISETTE,face au 41 RUE DES MORILLONS,PARIS 15EME ARRONDISSEMENT,6 h - 22 h,"{""coordinates"": [[2.2994986792907017, 48.833125724631195]], ""type"": ""MultiPoint""}","48.833125724631195, 2.2994986792907017"
SANISETTE,PLACE DE LA PORTE D AUTEUIL,PARIS 16EME ARRONDISSEMENT,24 h / 24,"{""coordinates"": [[2.257177590169266, 48.84844378816905]], ""type"": ""MultiPoint""}","48.84844378816905, 2.257177590169266"
SANISETTE,opposé au 22 BOULEVARD DES BATIGNOLLES,PARIS 17EME ARRONDISSEMENT,6 h - 22 h,"{""coordinates"": [[2.3252302106330136, 48.883097551132884]], ""type"": ""MultiPoint""}","48.883097551132884, 2.3252302106330136"
SANISETTE,RUE GERARD DE NERVAL,PARIS 18EME ARRONDISSEMENT,6 h - 22 h,"{""coordinates"": [[2.335106237051472, 48.900593180041575]], ""type"": ""MultiPoint""}","48.900593180041575, 2.335106237051472"
SANISETTE,face au 154 RUE ORDENER,PARIS 18EME ARRONDISSEMENT,6 h - 22 h,"{""coordinates"": [[2.336892089522722, 48.893502448951644]], ""type"": ""MultiPoint""}","48.893502448951644, 2.336892089522722"
SANISETTE,face au 121 RUE DES PYRENEES,PARIS 20EME ARRONDISSEMENT,6 h - 22 h,"{""coordinates"": [[2.404517268525504, 48.85704901565085]], ""type"": ""MultiPoint""}","48.85704901565085, 2.404517268525504"
SANISETTE,6  AVENUE DE LA PORTE DE MONTREUIL,PARIS 20EME ARRONDISSEMENT,6 h - 22 h,"{""coordinates"": [[2.41151638346449, 48.8538097035955]], ""type"": ""MultiPoint""}","48.8538097035955, 2.41151638346449"
SANISETTE,4  RUE FERNAND LEGER,PARIS 20EME ARRONDISSEMENT,6 h - 22 h,"{""coordinates"": [[2.3891241372623946, 48.863772755075985]], ""type"": ""MultiPoint""}","48.863772755075985, 2.3891241372623946"
SANISETTE,55  BOULEVARD DE SEBASTOPOL,PARIS 1EME ARRONDISSEMENT,6 h - 22 h,"{""coordinates"": [[2.350203080907766, 48.86231318303236]], ""type"": ""MultiPoint""}","48.86231318303236, 2.350203080907766"
SANISETTE,107  RUE RAMBUTEAU,PARIS 1EME ARRONDISSEMENT,24 h / 24,"{""coordinates"": [[2.3463926621024567, 48.86274833004128]], ""type"": ""MultiPoint""}","48.86274833004128, 2.3463926621024567"
SANISETTE,27  BOULEVARD POISSONNIERE,PARIS 2EME ARRONDISSEMENT,24 h / 24,"{""coordinates"": [[2.343654073079781, 48.87129988583525]], ""type"": ""MultiPoint""}","48.87129988583525, 2.343654073079781"
SANISETTE,123  RUE SAINT ANTOINE,PARIS 4EME ARRONDISSEMENT,24 h / 24,"{""coordinates"": [[2.3604197018845543, 48.85530319788791]], ""type"": ""MultiPoint""}","48.85530319788791, 2.3604197018845543"
SANISETTE,40  RUE DE SEVRES,PARIS 7EME ARRONDISSEMENT,6 h - 22 h,"{""coordinates"": [[2.3230546550811466, 48.849834876751956]], ""type"": ""MultiPoint""}","48.849834876751956, 2.3230546550811466"
SANISETTE,130 ter BOULEVARD DE CLICHY,PARIS 9EME ARRONDISSEMENT,24 h / 24,"{""coordinates"": [[2.328969615964756, 48.884214349237084]], ""type"": ""MultiPoint""}","48.884214349237084, 2.328969615964756"
SANISETTE,20  BOULEVARD SAINT MARTIN,PARIS 10EME ARRONDISSEMENT,24 h / 24,"{""coordinates"": [[2.3561732757321083, 48.86899965631391]], ""type"": ""MultiPoint""}","48.86899965631391, 2.3561732757321083"
SANISETTE,RUE DU FAUBOURG SAINT DENIS,PARIS 10EME ARRONDISSEMENT,6 h - 22 h,"{""coordinates"": [[2.356251357404312, 48.8757753917552]], ""type"": ""MultiPoint""}","48.8757753917552, 2.356251357404312"
SANISETTE,opposé au 96 RUE OBERKAMPF,PARIS 11EME ARRONDISSEMENT,6 h - 22 h,"{""coordinates"": [[2.37760700928088, 48.86577022799763]], ""type"": ""MultiPoint""}","48.86577022799763, 2.37760700928088"
SANISETTE,opposé au 52 bis BOULEVARD RICHARD LENOIR,PARIS 11EME ARRONDISSEMENT,6 h - 22 h,"{""coordinates"": [[2.372002006655197, 48.85930978120497]], ""type"": ""MultiPoint""}","48.85930978120497, 2.372002006655197"
SANISETTE,111  AVENUE DAUMESNIL,PARIS 12EME ARRONDISSEMENT,24 h / 24,"{""coordinates"": [[2.380317848061343, 48.844984452236055]], ""type"": ""MultiPoint""}","48.844984452236055, 2.380317848061343"
SANISETTE,46  AVENUE D ITALIE,PARIS 13EME ARRONDISSEMENT,6 h - 22 h,"{""coordinates"": [[2.356532495500218, 48.828056558519]], ""type"": ""MultiPoint""}","48.828056558519, 2.356532495500218"
SANISETTE,BOULEVARD ARAGO,PARIS 13EME ARRONDISSEMENT,6 h - 22 h,"{""coordinates"": [[2.3463699074489197, 48.83496155198776]], ""type"": ""MultiPoint""}","48.83496155198776, 2.3463699074489197"
SANISETTE,1  RUE EMILE LEVASSOR,PARIS 13EME ARRONDISSEMENT,6 h - 22 h,"{""coordinates"": [[2.369013887547525, 48.82124040430335]], ""type"": ""MultiPoint""}","48.82124040430335, 2.369013887547525"
SANISETTE,146  BOULEVARD DE L HOPITAL,PARIS 13EME ARRONDISSEMENT,6 h - 22 h,"{""coordinates"": [[2.3561641662734525, 48.83258393040572]], ""type"": ""MultiPoint""}","48.83258393040572, 2.3561641662734525"
SANISETTE,opposé au 41 RUE ESQUIROL,PARIS 13EME ARRONDISSEMENT,6 h - 22 h,"{""coordinates"": [[2.3600487107112302, 48.83582254764488]], ""type"": ""MultiPoint""}","48.83582254764488, 2.3600487107112302"
TOILETTES,BOIS DE BOULOGNE - PARC DE BAGATELLE - GRILLE D'HONNEUR,PARIS 16EME ARRONDISSEMENT,Voir fiche équipement,"{""coordinates"": [[2.248019574417668, 48.86883301419714]], ""type"": ""MultiPoint""}","48.86883301419714, 2.248019574417668"
TOILETTES,JARDIN DE L'HOPITAL SAINTE-PERINE,PARIS 16EME ARRONDISSEMENT,Voir fiche équipement,"{""coordinates"": [[2.2685112822119478, 48.843817611869724]], ""type"": ""MultiPoint""}","48.843817611869724, 2.2685112822119478"
TOILETTES,SQUARE CHARLES PEGUY,PARIS 12EME ARRONDISSEMENT,Voir fiche équipement,"{""coordinates"": [[2.4061405643321274, 48.839537717674226]], ""type"": ""MultiPoint""}","48.839537717674226, 2.4061405643321274"
TOILETTES,JARDIN DES SERRES D'AUTEUIL,PARIS 16EME ARRONDISSEMENT,Voir fiche équipement,"{""coordinates"": [[2.2528237722993447, 48.846002972916274]], ""type"": ""MultiPoint""}","48.846002972916274, 2.2528237722993447"
TOILETTES,JARDIN MARIA VERONE,PARIS 18EME ARRONDISSEMENT,Voir fiche équipement,"{""coordinates"": [[2.3358751801780677, 48.89710457799063]], ""type"": ""MultiPoint""}","48.89710457799063, 2.3358751801780677"
SANISETTE,4  RUE DU COMMANDANT RENE MOUCHOTTE,PARIS 15EME ARRONDISSEMENT,24 h / 24,"{""coordinates"": [[2.3214109225079844, 48.839977938982166]], ""type"": ""MultiPoint""}","48.839977938982166, 2.3214109225079844"
SANISETTE,224  AVENUE DE VERSAILLES,PARIS 16EME ARRONDISSEMENT,6 h - 22 h,"{""coordinates"": [[2.258619846101921, 48.83839708065922]], ""type"": ""MultiPoint""}","48.83839708065922, 2.258619846101921"
SANISETTE,7  AVENUE DE LA PORTE DES TERNES,PARIS 17EME ARRONDISSEMENT,6 h - 22 h,"{""coordinates"": [[2.2829708555165014, 48.88111759201826]], ""type"": ""MultiPoint""}","48.88111759201826, 2.2829708555165014"
SANISETTE,2  RUE JACQUES KELLNER,PARIS 17EME ARRONDISSEMENT,6 h - 22 h,"{""coordinates"": [[2.3280407633416456, 48.89583555740397]], ""type"": ""MultiPoint""}","48.89583555740397, 2.3280407633416456"
SANISETTE,8 RUE COQUILLIERE,PARIS 1EME ARRONDISSEMENT,6 h - 22 h,"{""coordinates"": [[2.343502399452229, 48.86328989917381]], ""type"": ""MultiPoint""}","48.86328989917381, 2.343502399452229"
SANISETTE,PLACE SUZANNE VALADON,PARIS 18EME ARRONDISSEMENT,24 h / 24,"{""coordinates"": [[2.3427360292097643, 48.88445504769741]], ""type"": ""MultiPoint""}","48.88445504769741, 2.3427360292097643"
SANISETTE,57  RUE DE LA CHAPELLE,PARIS 18EME ARRONDISSEMENT,6 h - 22 h,"{""coordinates"": [[2.35883888311633, 48.89508955698616]], ""type"": ""MultiPoint""}","48.89508955698616, 2.35883888311633"
SANISETTE,29  AVENUE MATHURIN MOREAU,PARIS 19EME ARRONDISSEMENT,6 h - 22 h,"{""coordinates"": [[2.3739497048671403, 48.87844763612632]], ""type"": ""MultiPoint""}","48.87844763612632, 2.3739497048671403"
SANISETTE,face au 148 BOULEVARD DE MENILMONTANT,PARIS 20EME ARRONDISSEMENT,24 h / 24,"{""coordinates"": [[2.3833897266254653, 48.86675503488672]], ""type"": ""MultiPoint""}","48.86675503488672, 2.3833897266254653"
SANISETTE,RUE DE LA CROIX SAINT SIMON,PARIS 20EME ARRONDISSEMENT,6 h - 22 h,"{""coordinates"": [[2.409918203488935, 48.85577188047998]], ""type"": ""MultiPoint""}","48.85577188047998, 2.409918203488935"
SANISETTE,69  BOULEVARD DE SEBASTOPOL,PARIS 2EME ARRONDISSEMENT,6 h - 22 h,"{""coordinates"": [[2.3509627364168, 48.86366249322705]], ""type"": ""MultiPoint""}","48.86366249322705, 2.3509627364168"
SANISETTE,face au 13 PLACE DE LA BOURSE,PARIS 2EME ARRONDISSEMENT,6 h - 22 h,"{""coordinates"": [[2.340626395084106, 48.868918364703134]], ""type"": ""MultiPoint""}","48.868918364703134, 2.340626395084106"
SANISETTE,4  RUE SALOMON DE CAUS,PARIS 3EME ARRONDISSEMENT,6 h - 22 h,"{""coordinates"": [[2.3540203755216, 48.86736443004379]], ""type"": ""MultiPoint""}","48.86736443004379, 2.3540203755216"
SANISETTE,RUE D ARCOLE,PARIS 4EME ARRONDISSEMENT,24 h / 24,"{""coordinates"": [[2.349243203627753, 48.85381205728481]], ""type"": ""MultiPoint""}","48.85381205728481, 2.349243203627753"
SANISETTE,4  RUE POLIVEAU,PARIS 5EME ARRONDISSEMENT,24 h / 24,"{""coordinates"": [[2.3612732635708946, 48.840393317702414]], ""type"": ""MultiPoint""}","48.840393317702414, 2.3612732635708946"
SANISETTE,8  RUE JEAN CALVIN,PARIS 5EME ARRONDISSEMENT,24 h / 24,"{""coordinates"": [[2.348691572286733, 48.84164077805071]], ""type"": ""MultiPoint""}","48.84164077805071, 2.348691572286733"
SANISETTE,75  BOULEVARD SAINT GERMAIN,PARIS 6EME ARRONDISSEMENT,24 h / 24,"{""coordinates"": [[2.3428030682616754, 48.8513882788364]], ""type"": ""MultiPoint""}","48.8513882788364, 2.3428030682616754"
SANISETTE,BOULEVARD MALESHERBES,PARIS 8EME ARRONDISSEMENT,6 h - 22 h,"{""coordinates"": [[2.3230539847225002, 48.87072323445266]], ""type"": ""MultiPoint""}","48.87072323445266, 2.3230539847225002"
SANISETTE,32  AVENUE GEORGE V,PARIS 8EME ARRONDISSEMENT,6 h - 22 h,"{""coordinates"": [[2.3012200811934647, 48.868840348754716]], ""type"": ""MultiPoint""}","48.868840348754716, 2.3012200811934647"
SANISETTE,5  BOULEVARD DE CLICHY,PARIS 9EME ARRONDISSEMENT,24 h / 24,"{""coordinates"": [[2.3391633010364408, 48.88208901871457]], ""type"": ""MultiPoint""}","48.88208901871457, 2.3391633010364408"
SANISETTE,PLACE DU COLONEL FABIEN,PARIS 10EME ARRONDISSEMENT,6 h - 22 h,"{""coordinates"": [[2.3700838988337054, 48.877981774362425]], ""type"": ""MultiPoint""}","48.877981774362425, 2.3700838988337054"
SANISETTE,179  QUAI DE VALMY,PARIS 10EME ARRONDISSEMENT,6 h - 1 h,"{""coordinates"": [[2.367317820510666, 48.880163427143835]], ""type"": ""MultiPoint""}","48.880163427143835, 2.367317820510666"
SANISETTE,90  COURS DE VINCENNES,PARIS 12EME ARRONDISSEMENT,6 h - 22 h,"{""coordinates"": [[2.4074787752851745, 48.84710769744263]], ""type"": ""MultiPoint""}","48.84710769744263, 2.4074787752851745"
SANISETTE,4  PLACE ABBE GEORGES HENOCQUE,PARIS 13EME ARRONDISSEMENT,24 h / 24,"{""coordinates"": [[2.353095464368362, 48.82406568071867]], ""type"": ""MultiPoint""}","48.82406568071867, 2.353095464368362"
SANISETTE,103  BOULEVARD BRUNE,PARIS 14EME ARRONDISSEMENT,6 h - 22 h,"{""coordinates"": [[2.315053624154692, 48.825685892245296]], ""type"": ""MultiPoint""}","48.825685892245296, 2.315053624154692"
TOILETTES,JARDINS DE LA PORTE DE SAINT CLOUD,PARIS 16EME ARRONDISSEMENT,Voir fiche équipement,"{""coordinates"": [[2.254693576359468, 48.83586949307395]], ""type"": ""MultiPoint""}","48.83586949307395, 2.254693576359468"
TOILETTES,BOIS DE VINCENNES - PARC FLORAL DE PARIS - PINEDE,PARIS 12EME ARRONDISSEMENT,Voir fiche équipement,"{""coordinates"": [[2.4446432727101692, 48.83825700255321]], ""type"": ""MultiPoint""}","48.83825700255321, 2.4446432727101692"
TOILETTES,SQUARE D'ANVERS,PARIS 9EME ARRONDISSEMENT,Voir fiche équipement,"{""coordinates"": [[2.3441329532517114, 48.88238662077099]], ""type"": ""MultiPoint""}","48.88238662077099, 2.3441329532517114"
TOILETTES,PARC DES BUTTES CHAUMONT,PARIS 19EME ARRONDISSEMENT,Voir fiche équipement,"{""coordinates"": [[2.3827790219788856, 48.882377968834255]], ""type"": ""MultiPoint""}","48.882377968834255, 2.3827790219788856"
SANISETTE,10  AVENUE DU GENERAL LECLERC,PARIS 14EME ARRONDISSEMENT,24 h / 24,"{""coordinates"": [[2.3311870200941534, 48.83301508320707]], ""type"": ""MultiPoint""}","48.83301508320707, 2.3311870200941534"
SANISETTE,AVENUE DE SUFFREN,PARIS 15EME ARRONDISSEMENT,6 h - 22 h,"{""coordinates"": [[2.3089094901802656, 48.84602312009649]], ""type"": ""MultiPoint""}","48.84602312009649, 2.3089094901802656"
SANISETTE,RUE SAINT CHARLES,PARIS 15EME ARRONDISSEMENT,6 h - 22 h,"{""coordinates"": [[2.277982871077299, 48.83807356302149]], ""type"": ""MultiPoint""}","48.83807356302149, 2.277982871077299"
SANISETTE,139  RUE DE L ABBE GROULT,PARIS 15EME ARRONDISSEMENT,6 h - 22 h,"{""coordinates"": [[2.3025957465389464, 48.83566847382634]], ""type"": ""MultiPoint""}","48.83566847382634, 2.3025957465389464"
SANISETTE,4  AVENUE NIEL,PARIS 17EME ARRONDISSEMENT,6 h - 22 h,"{""coordinates"": [[2.2944737300799924, 48.878920797483694]], ""type"": ""MultiPoint""}","48.878920797483694, 2.2944737300799924"
SANISETTE,74  AVENUE DE SAINT OUEN,PARIS 18EME ARRONDISSEMENT,6 h - 22 h,"{""coordinates"": [[2.3271840142740863, 48.89193708249991]], ""type"": ""MultiPoint""}","48.89193708249991, 2.3271840142740863"
SANISETTE,96  BOULEVARD BARBES,PARIS 18EME ARRONDISSEMENT,24 h / 24,"{""coordinates"": [[2.3497411441355127, 48.89143639044488]], ""type"": ""MultiPoint""}","48.89143639044488, 2.3497411441355127"
SANISETTE,60  BOULEVARD DE LA CHAPELLE,PARIS 18EME ARRONDISSEMENT,6 h - 1 h,"{""coordinates"": [[2.3551514770967157, 48.88420515990784]], ""type"": ""MultiPoint""}","48.88420515990784, 2.3551514770967157"
SANISETTE,11  RUE FRANCIS DE CROISSET,PARIS 18EME ARRONDISSEMENT,6 h - 22 h,"{""coordinates"": [[2.3444579980601925, 48.899388215542245]], ""type"": ""MultiPoint""}","48.899388215542245, 2.3444579980601925"
SANISETTE,14  RUE MEYNADIER,PARIS 19EME ARRONDISSEMENT,6 h - 22 h,"{""coordinates"": [[2.3834505083083934, 48.8835019855066]], ""type"": ""MultiPoint""}","48.8835019855066, 2.3834505083083934"
SANISETTE,26 bis AVENUE CORENTIN CARIOU,PARIS 19EME ARRONDISSEMENT,24 h / 24,"{""coordinates"": [[2.385653355685059, 48.89731268179252]], ""type"": ""MultiPoint""}","48.89731268179252, 2.385653355685059"
SANISETTE,3  RUE BOTZARIS,PARIS 19EME ARRONDISSEMENT,24 h / 24,"{""coordinates"": [[2.3812508300153157, 48.87786391435843]], ""type"": ""MultiPoint""}","48.87786391435843, 2.3812508300153157"
SANISETTE,109  BOULEVARD DE SEBASTOPOL,PARIS 2EME ARRONDISSEMENT,6 h - 22 h,"{""coordinates"": [[2.352726650613102, 48.86681987649092]], ""type"": ""MultiPoint""}","48.86681987649092, 2.352726650613102"
SANISETTE,2  RUE MORNAY,PARIS 4EME ARRONDISSEMENT,6 h - 22 h,"{""coordinates"": [[2.3661231938135674, 48.84947496221174]], ""type"": ""MultiPoint""}","48.84947496221174, 2.3661231938135674"
SANISETTE,9  BOULEVARD SAINT GERMAIN,PARIS 5EME ARRONDISSEMENT,6 h - 22 h,"{""coordinates"": [[2.354846182358343, 48.84933026260387]], ""type"": ""MultiPoint""}","48.84933026260387, 2.354846182358343"
SANISETTE,BOULEVARD SAINT MICHEL,PARIS 6EME ARRONDISSEMENT,24 h / 24,"{""coordinates"": [[2.337484628388965, 48.84175443253956]], ""type"": ""MultiPoint""}","48.84175443253956, 2.337484628388965"
SANISETTE,face au 85 bis BOULEVARD DE MAGENTA,PARIS 10EME ARRONDISSEMENT,24 h / 24,"{""coordinates"": [[2.3551009006238224, 48.87715340155666]], ""type"": ""MultiPoint""}","48.87715340155666, 2.3551009006238224"
SANISETTE,face au 61 BOULEVARD AUGUSTE BLANQUI,PARIS 13EME ARRONDISSEMENT,24 h / 24,"{""coordinates"": [[2.3494254408649047, 48.82948471703287]], ""type"": ""MultiPoint""}","48.82948471703287, 2.3494254408649047"
TOILETTES,SQUARE LEOPOLD ACHILLE,PARIS 3EME ARRONDISSEMENT,Voir fiche équipement,"{""coordinates"": [[2.363290756873782, 48.858224759756716]], ""type"": ""MultiPoint""}","48.858224759756716, 2.363290756873782"
SANISETTE,189  RUE D ALESIA,PARIS 14EME ARRONDISSEMENT,24 h / 24,"{""coordinates"": [[2.3161093935172774, 48.83125608516332]], ""type"": ""MultiPoint""}","48.83125608516332, 2.3161093935172774"
SANISETTE,199  AVENUE DU MAINE,PARIS 14EME ARRONDISSEMENT,6 h - 22 h,"{""coordinates"": [[2.3263079060218357, 48.82961024511326]], ""type"": ""MultiPoint""}","48.82961024511326, 2.3263079060218357"
SANISETTE,22  RUE GROS,PARIS 16EME ARRONDISSEMENT,6 h - 22 h,"{""coordinates"": [[2.2754887611741776, 48.851292679287646]], ""type"": ""MultiPoint""}","48.851292679287646, 2.2754887611741776"
SANISETTE,16  AVENUE DU PARC DES PRINCES,PARIS 16EME ARRONDISSEMENT,6 h - 22 h,"{""coordinates"": [[2.2546109087403283, 48.84122995590827]], ""type"": ""MultiPoint""}","48.84122995590827, 2.2546109087403283"
SANISETTE,25  AVENUE DE CLICHY,PARIS 17EME ARRONDISSEMENT,6 h - 22 h,"{""coordinates"": [[2.326343623788682, 48.88565931519142]], ""type"": ""MultiPoint""}","48.88565931519142, 2.326343623788682"
SANISETTE,138  RUE DES POISSONNIERS,PARIS 18EME ARRONDISSEMENT,6 h - 22 h,"{""coordinates"": [[2.353016460359781, 48.89635962022957]], ""type"": ""MultiPoint""}","48.89635962022957, 2.353016460359781"
SANISETTE,PLACE DE LA CHAPELLE,PARIS 18EME ARRONDISSEMENT,6 h - 22 h,"{""coordinates"": [[2.359098476818891, 48.88464490930496]], ""type"": ""MultiPoint""}","48.88464490930496, 2.359098476818891"
SANISETTE,9  BOULEVARD NEY,PARIS 18EME ARRONDISSEMENT,6 h - 22 h,"{""coordinates"": [[2.3416420008837107, 48.89775890686294]], ""type"": ""MultiPoint""}","48.89775890686294, 2.3416420008837107"
SANISETTE,177  AVENUE DE FLANDRE,PARIS 19EME ARRONDISSEMENT,6 h - 22 h,"{""coordinates"": [[2.382026907945904, 48.89474105377585]], ""type"": ""MultiPoint""}","48.89474105377585, 2.382026907945904"
SANISETTE,face au 45 AVENUE SIMON BOLIVAR,PARIS 19EME ARRONDISSEMENT,24 h / 24,"{""coordinates"": [[2.3805412942460036, 48.87623316458195]], ""type"": ""MultiPoint""}","48.87623316458195, 2.3805412942460036"
SANISETTE,1  RUE DE BUZENVAL,PARIS 20EME ARRONDISSEMENT,6 h - 22 h,"{""coordinates"": [[2.4025839288873647, 48.84910044336136]], ""type"": ""MultiPoint""}","48.84910044336136, 2.4025839288873647"
SANISETTE,AVENUE DU PROFESSEUR ANDRE LEMIERE,PARIS 20EME ARRONDISSEMENT,6 h - 22 h,"{""coordinates"": [[2.4147151114105814, 48.8583381131561]], ""type"": ""MultiPoint""}","48.8583381131561, 2.4147151114105814"
SANISETTE,117  RUE MONTMARTRE,PARIS 2EME ARRONDISSEMENT,6 h - 22 h,"{""coordinates"": [[2.343235945649151, 48.86874906648294]], ""type"": ""MultiPoint""}","48.86874906648294, 2.343235945649151"
SANISETTE,25  RUE PASTOURELLE,PARIS 3EME ARRONDISSEMENT,6 h - 22 h,"{""coordinates"": [[2.359364861798901, 48.86274437683077]], ""type"": ""MultiPoint""}","48.86274437683077, 2.359364861798901"
SANISETTE,78  BOULEVARD SAINT MARCEL,PARIS 5EME ARRONDISSEMENT,6 h - 1 h,"{""coordinates"": [[2.3535436411005874, 48.83741847058166]], ""type"": ""MultiPoint""}","48.83741847058166, 2.3535436411005874"
SANISETTE,85  BOULEVARD RASPAIL,PARIS 6EME ARRONDISSEMENT,6 h - 22 h,"{""coordinates"": [[2.3279690923066783, 48.84768309080962]], ""type"": ""MultiPoint""}","48.84768309080962, 2.3279690923066783"
SANISETTE,JARDIN DU CHAMPS DE MARS,PARIS 7EME ARRONDISSEMENT,6 h - 22 h,"{""coordinates"": [[2.300536612101077, 48.8548917342077]], ""type"": ""MultiPoint""}","48.8548917342077, 2.300536612101077"
SANISETTE,12  PLACE GEORGES GUILLAUMIN,PARIS 8EME ARRONDISSEMENT,24 h / 24,"{""coordinates"": [[2.3032106645674038, 48.87477424791766]], ""type"": ""MultiPoint""}","48.87477424791766, 2.3032106645674038"
SANISETTE,44  BOULEVARD MALESHERBES,PARIS 8EME ARRONDISSEMENT,6 h - 22 h,"{""coordinates"": [[2.3204516853543, 48.874358402257364]], ""type"": ""MultiPoint""}","48.874358402257364, 2.3204516853543"
SANISETTE,BOULEVARD DE ROCHECHOUART,PARIS 9EME ARRONDISSEMENT,24 h / 24,"{""coordinates"": [[2.343497799728152, 48.882709085896295]], ""type"": ""MultiPoint""}","48.882709085896295, 2.343497799728152"
SANISETTE,105  QUAI DE VALMY,PARIS 10EME ARRONDISSEMENT,6 h - 22 h,"{""coordinates"": [[2.362733834933827, 48.87459203532375]], ""type"": ""MultiPoint""}","48.87459203532375, 2.362733834933827"
SANISETTE,65  QUAI DE VALMY,PARIS 10EME ARRONDISSEMENT,6 h - 22 h,"{""coordinates"": [[2.3650131550286573, 48.87136893708937]], ""type"": ""MultiPoint""}","48.87136893708937, 2.3650131550286573"
SANISETTE,195  BOULEVARD VOLTAIRE,PARIS 11EME ARRONDISSEMENT,6 h - 22 h,"{""coordinates"": [[2.387880334234296, 48.85329245030505]], ""type"": ""MultiPoint""}","48.85329245030505, 2.387880334234296"
SANISETTE,face au 48 BOULEVARD VOLTAIRE,PARIS 11EME ARRONDISSEMENT,6 h - 22 h,"{""coordinates"": [[2.3710395822400634, 48.863380893672755]], ""type"": ""MultiPoint""}","48.863380893672755, 2.3710395822400634"
SANISETTE,3  RUE DE MONTREUIL,PARIS 11EME ARRONDISSEMENT,6 h - 22 h,"{""coordinates"": [[2.384037963215108, 48.850431570799614]], ""type"": ""MultiPoint""}","48.850431570799614, 2.384037963215108"
SANISETTE,90  RUE DE TOLBIAC,PARIS 13EME ARRONDISSEMENT,6 h - 1 h,"{""coordinates"": [[2.3645813652403525, 48.82683406786534]], ""type"": ""MultiPoint""}","48.82683406786534, 2.3645813652403525"
SANISETTE,3  BOULEVARD DE L HOPITAL,PARIS 13EME ARRONDISSEMENT,24 h / 24,"{""coordinates"": [[2.3643340026266464, 48.843074044377055]], ""type"": ""MultiPoint""}","48.843074044377055, 2.3643340026266464"
SANISETTE,98  BOULEVARD ARAGO,PARIS 14EME ARRONDISSEMENT,6 h - 1 h,"{""coordinates"": [[2.3368038850602897, 48.834735549474466]], ""type"": ""MultiPoint""}","48.834735549474466, 2.3368038850602897"
SANISETTE,63  AVENUE DU GENERAL LECLERC,PARIS 14EME ARRONDISSEMENT,24 h / 24,"{""coordinates"": [[2.3279795895584483, 48.828964832769074]], ""type"": ""MultiPoint""}","48.828964832769074, 2.3279795895584483"
TOILETTES,SQUARE RENE LE GALL,PARIS 13EME ARRONDISSEMENT,Voir fiche équipement,"{""coordinates"": [[2.348139173841785, 48.83133948652227]], ""type"": ""MultiPoint""}","48.83133948652227, 2.348139173841785"
TOILETTES,PARC GEORGES BRASSENS,PARIS 15EME ARRONDISSEMENT,Voir fiche équipement,"{""coordinates"": [[2.299950907200807, 48.831621530311644]], ""type"": ""MultiPoint""}","48.831621530311644, 2.299950907200807"
TOILETTES,SQUARE LOUIS XIII,PARIS 4EME ARRONDISSEMENT,Voir fiche équipement,"{""coordinates"": [[2.365276627759591, 48.85522108096124]], ""type"": ""MultiPoint""}","48.85522108096124, 2.365276627759591"
LAVATORY,1 rue Lamarck,PARIS 18EME ARRONDISSEMENT,,"{""coordinates"": [[2.3438632119121188, 48.88626726174863]], ""type"": ""MultiPoint""}","48.88626726174863, 2.3438632119121188"
LAVATORY,Place de l'Etoile,PARIS 8EME ARRONDISSEMENT,,"{""coordinates"": [[2.296062832904191, 48.8730821071864]], ""type"": ""MultiPoint""}","48.8730821071864, 2.296062832904191"
SANISETTE,25  AVENUE DE LOWENDAL,PARIS 15EME ARRONDISSEMENT,6 h - 22 h,"{""coordinates"": [[2.3035640343865773, 48.84918470841581]], ""type"": ""MultiPoint""}","48.84918470841581, 2.3035640343865773"
SANISETTE,35 RUE D'ALSACE,PARIS 10EME ARRONDISSEMENT,6 h - 22 h,"{""coordinates"": [[2.3585432997295994, 48.8786704988266]], ""type"": ""MultiPoint""}","48.8786704988266, 2.3585432997295994"
SANISETTE,PLACE DE L ADJUDANT VINCENOT,PARIS 20EME ARRONDISSEMENT,6 h - 22 h,"{""coordinates"": [[2.4093589960588813, 48.87069081129332]], ""type"": ""MultiPoint""}","48.87069081129332, 2.4093589960588813"
SANISETTE,1  RUE PAGANINI,PARIS 20EME ARRONDISSEMENT,6 h - 22 h,"{""coordinates"": [[2.4113033441834886, 48.85142475093344]], ""type"": ""MultiPoint""}","48.85142475093344, 2.4113033441834886"
SANISETTE,Jardin DES HALLES ALLEE BLAISE CENDRARS SUD OUEST,PARIS 1EME ARRONDISSEMENT,6 h - 22 h,"{""coordinates"": [[2.344254327997257, 48.86222166635748]], ""type"": ""MultiPoint""}","48.86222166635748, 2.344254327997257"
SANISETTE,90  BOULEVARD DE SEBASTOPOL,PARIS 3EME ARRONDISSEMENT,6 h - 22 h,"{""coordinates"": [[2.3525443661897643, 48.86601791753036]], ""type"": ""MultiPoint""}","48.86601791753036, 2.3525443661897643"
SANISETTE,14  RUE SAINT MARTIN,PARIS 4EME ARRONDISSEMENT,24 h / 24,"{""coordinates"": [[2.3497975940056186, 48.8582009673634]], ""type"": ""MultiPoint""}","48.8582009673634, 2.3497975940056186"
SANISETTE,RUE DE L AVE MARIA,PARIS 4EME ARRONDISSEMENT,6 h - 22 h,"{""coordinates"": [[2.35958280455361, 48.8532105513978]], ""type"": ""MultiPoint""}","48.8532105513978, 2.35958280455361"
SANISETTE,face au 75 bis RUE MONGE,PARIS 5EME ARRONDISSEMENT,24 h / 24,"{""coordinates"": [[2.3520729839787102, 48.84312297015194]], ""type"": ""MultiPoint""}","48.84312297015194, 2.3520729839787102"
SANISETTE,9  AVENUE DES GOBELINS,PARIS 5EME ARRONDISSEMENT,6 h - 1 h,"{""coordinates"": [[2.3511865079039125, 48.83795209152189]], ""type"": ""MultiPoint""}","48.83795209152189, 2.3511865079039125"
SANISETTE,face au 139 BOULEVARD SAINT MICHEL,PARIS 6EME ARRONDISSEMENT,24 h / 24,"{""coordinates"": [[2.337484628388965, 48.84175443253956]], ""type"": ""MultiPoint""}","48.84175443253956, 2.337484628388965"
SANISETTE,41  PLACE DE FINLANDE,PARIS 7EME ARRONDISSEMENT,24 h / 24,"{""coordinates"": [[2.3108086227207623, 48.86247699359681]], ""type"": ""MultiPoint""}","48.86247699359681, 2.3108086227207623"
SANISETTE,PLACE VAUBAN,PARIS 7EME ARRONDISSEMENT,6 h - 22 h,"{""coordinates"": [[2.311319652738003, 48.85362504053927]], ""type"": ""MultiPoint""}","48.85362504053927, 2.311319652738003"
SANISETTE,face au 81 QUAI DE VALMY,PARIS 10EME ARRONDISSEMENT,24 h / 24,"{""coordinates"": [[2.3640739177876027, 48.872581186246975]], ""type"": ""MultiPoint""}","48.872581186246975, 2.3640739177876027"
SANISETTE,135  RUE DE LA ROQUETTE,PARIS 11EME ARRONDISSEMENT,6 h - 1 h,"{""coordinates"": [[2.3839455513954175, 48.85869214568334]], ""type"": ""MultiPoint""}","48.85869214568334, 2.3839455513954175"
SANISETTE,8  PLACE LEON BLUM,PARIS 11EME ARRONDISSEMENT,6 h - 22 h,"{""coordinates"": [[2.380242666953581, 48.858313178936015]], ""type"": ""MultiPoint""}","48.858313178936015, 2.380242666953581"
SANISETTE,1129  BOULEVARD JULES FERRY,PARIS 11EME ARRONDISSEMENT,6 h - 22 h,"{""coordinates"": [[2.368575496201812, 48.86729232571321]], ""type"": ""MultiPoint""}","48.86729232571321, 2.368575496201812"
SANISETTE,88  RUE DE LYON,PARIS 12EME ARRONDISSEMENT,6 h - 22 h,"{""coordinates"": [[2.3702859575639397, 48.85084677653922]], ""type"": ""MultiPoint""}","48.85084677653922, 2.3702859575639397"
SANISETTE,face au 159 AVENUE DE CHOISY,PARIS 13EME ARRONDISSEMENT,6 h - 22 h,"{""coordinates"": [[2.3584532011028303, 48.828198365793185]], ""type"": ""MultiPoint""}","48.828198365793185, 2.3584532011028303"
SANISETTE,face au 97 RUE DU CHEVALERET,PARIS 13EME ARRONDISSEMENT,24 h / 24,"{""coordinates"": [[2.375200718397584, 48.83032574552438]], ""type"": ""MultiPoint""}","48.83032574552438, 2.375200718397584"
SANISETTE,BOULEVARD DE L HOPITAL,PARIS 13EME ARRONDISSEMENT,6 h - 1 h,"{""coordinates"": [[2.361754666816277, 48.83963427904554]], ""type"": ""MultiPoint""}","48.83963427904554, 2.361754666816277"
SANISETTE,opposé au 17 BOULEVARD AUGUSTE BLANQUI,PARIS 13EME ARRONDISSEMENT,6 h - 22 h,"{""coordinates"": [[2.3533725291966148, 48.830626246437575]], ""type"": ""MultiPoint""}","48.830626246437575, 2.3533725291966148"
TOILETTES,JARDIN DE LA RUE GINETTE NEVEU,PARIS 18EME ARRONDISSEMENT,Voir fiche équipement,"{""coordinates"": [[2.345035095053087, 48.90001689804021]], ""type"": ""MultiPoint""}","48.90001689804021, 2.345035095053087"
